Inclusion data :
Temperature of total homogenization : 229.1 C
Pressure of total homogenization    : 25.3855 bar
Salinity                            : 12.1634 wt.% NaCl eq.
Density                             : 0.931312 g/ccm

Isochore data :
T [C]	P[bar]
229.1	25.3855
230.1	42.1307
231.1	58.1954
232.1	73.9442
233.1	89.5071
234.1	104.948
235.1	120.306
236.1	135.603
237.1	150.856
238.1	166.078
239.1	181.276
240.1	196.456
241.1	211.624
242.1	226.784
243.1	241.938
244.1	257.09
245.1	272.239
246.1	287.389
247.1	302.54
248.1	317.694
249.1	332.85
250.1	348.01
251.1	363.175
252.1	378.345
253.1	393.519
254.1	408.7
255.1	423.886
256.1	439.079
257.1	454.278
258.1	469.485
259.1	484.698
260.1	499.919
261.1	515.147
262.1	530.383
263.1	545.627
264.1	560.88
265.1	576.14
266.1	591.409
267.1	606.687
268.1	621.973
269.1	637.268
270.1	652.573
271.1	667.886
272.1	683.209
273.1	698.541
274.1	713.882
275.1	729.233
276.1	744.593
277.1	759.963
278.1	775.343
279.1	790.732
280.1	806.131
281.1	821.54
282.1	836.959
283.1	852.388
284.1	867.827
285.1	883.275
286.1	898.734
287.1	914.203
288.1	929.682
289.1	945.171
290.1	960.67
291.1	976.179
292.1	991.698
293.1	1007.23
294.1	1022.77
295.1	1038.32
296.1	1053.87
297.1	1069.44
298.1	1085.02
299.1	1100.61
300.1	1116.21
301.1	1131.82
302.1	1147.44
303.1	1163.07
304.1	1178.71
305.1	1194.36
306.1	1210.02
307.1	1225.69
308.1	1241.37
309.1	1257.06
310.1	1272.76
311.1	1288.47
312.1	1304.19
313.1	1319.92
314.1	1335.65
315.1	1351.4
316.1	1367.16
317.1	1382.93
318.1	1398.7
319.1	1414.49
320.1	1430.28
321.1	1446.09
322.1	1461.9
323.1	1477.73
324.1	1493.56
325.1	1509.4
326.1	1525.25
327.1	1541.11
328.1	1556.98
329.1	1572.86
330.1	1588.75
331.1	1604.65
332.1	1620.55
333.1	1636.47
334.1	1652.39
335.1	1668.32
336.1	1684.26
337.1	1700.21
338.1	1716.17
339.1	1732.13
340.1	1748.11
341.1	1764.09
342.1	1780.08
343.1	1796.08
344.1	1812.09
345.1	1828.11
346.1	1844.13
347.1	1860.16
348.1	1876.2
349.1	1892.25
350.1	1908.31
351.1	1924.37
352.1	1940.44
353.1	1956.52
354.1	1972.6
355.1	1988.7
356.1	2004.8
357.1	2020.91
358.1	2037.02
359.1	2053.14
360.1	2069.27
361.1	2085.41
362.1	2101.55
363.1	2117.7
364.1	2133.86
365.1	2150.02
366.1	2166.2
367.1	2182.37
368.1	2198.56
369.1	2214.75
370.1	2230.94
371.1	2247.15
372.1	2263.35
373.1	2279.57
374.1	2295.79
375.1	2312.02
376.1	2328.25
377.1	2344.49
378.1	2360.73
379.1	2376.98
380.1	2393.24
381.1	2409.5
382.1	2425.76
383.1	2442.03
384.1	2458.31
385.1	2474.59
386.1	2490.88
387.1	2507.17
388.1	2523.47
389.1	2539.77
390.1	2556.08
391.1	2572.39
392.1	2588.7
393.1	2605.02
394.1	2621.34
395.1	2637.67
396.1	2654.01
397.1	2670.34
398.1	2686.68
399.1	2703.03
400.1	2719.38
401.1	2735.73
402.1	2752.08
403.1	2768.44
404.1	2784.81
405.1	2801.17
406.1	2817.54
407.1	2833.92
408.1	2850.29
409.1	2866.67
410.1	2883.05
411.1	2899.44
412.1	2915.83
413.1	2932.22
414.1	2948.61
415.1	2965.01
416.1	2981.4
417.1	2997.8
418.1	3014.21
419.1	3030.61
420.1	3047.02
421.1	3063.43
422.1	3079.84
423.1	3096.25
424.1	3112.67
425.1	3129.09
426.1	3145.5
427.1	3161.92
428.1	3178.34
429.1	3194.77
430.1	3211.19
431.1	3227.62
432.1	3244.04
433.1	3260.47
434.1	3276.9
435.1	3293.33
436.1	3309.76
437.1	3326.19
438.1	3342.62
439.1	3359.05
440.1	3375.48
441.1	3391.91
442.1	3408.35
443.1	3424.78
444.1	3441.21
445.1	3457.64
446.1	3474.08
447.1	3490.51
448.1	3506.94
449.1	3523.37
450.1	3539.81
451.1	3556.24
452.1	3572.67
453.1	3589.1
454.1	3605.53
455.1	3621.96
456.1	3638.38
457.1	3654.81
458.1	3671.24
459.1	3687.66
460.1	3704.09
461.1	3720.51
462.1	3736.93
463.1	3753.35
464.1	3769.77
465.1	3786.18
466.1	3802.6
467.1	3819.01
468.1	3835.42
469.1	3851.83
470.1	3868.24
471.1	3884.65
472.1	3901.05
473.1	3917.45
474.1	3933.85
475.1	3950.25
476.1	3966.64
477.1	3983.03
478.1	3999.42
479.1	4015.81
480.1	4032.2
481.1	4048.58
482.1	4064.96
483.1	4081.33
484.1	4097.7
485.1	4114.07
486.1	4130.44
487.1	4146.81
488.1	4163.17
489.1	4179.52
490.1	4195.88
491.1	4212.23
492.1	4228.58
493.1	4244.92
494.1	4261.26
495.1	4277.6
496.1	4293.93
497.1	4310.26
498.1	4326.58
499.1	4342.9
500.1	4359.22
501.1	4375.53
502.1	4391.84
503.1	4408.15
504.1	4424.45
505.1	4440.74
506.1	4457.04
507.1	4473.32
508.1	4489.61
509.1	4505.89
510.1	4522.16
511.1	4538.43
512.1	4554.69
513.1	4570.95
514.1	4587.21
515.1	4603.46
516.1	4619.7
517.1	4635.95
518.1	4652.18
519.1	4668.41
520.1	4684.64
521.1	4700.86
522.1	4717.07
523.1	4733.28
524.1	4749.48
525.1	4765.68
526.1	4781.88
527.1	4798.06
528.1	4814.25
529.1	4830.42
530.1	4846.59
531.1	4862.76
532.1	4878.92
533.1	4895.07
534.1	4911.22
535.1	4927.36
536.1	4943.5
537.1	4959.63
538.1	4975.75
539.1	4991.87
