Inclusion data :
Temperature of total homogenization : 204.4 C
Pressure of total homogenization    : 16.931 bar
Salinity                            : 0.87902 wt.% NaCl eq.
Density                             : 0.866755 g/ccm

Isochore data :
T [C]	P[bar]
204.4	16.931
205.4	32.4716
206.4	47.9782
207.4	63.4789
208.4	78.983
209.4	94.4946
210.4	110.016
211.4	125.548
212.4	141.093
213.4	156.649
214.4	172.218
215.4	187.8
216.4	203.395
217.4	219.002
218.4	234.623
219.4	250.256
220.4	265.901
221.4	281.559
222.4	297.229
223.4	312.912
224.4	328.606
225.4	344.312
226.4	360.03
227.4	375.76
228.4	391.501
229.4	407.253
230.4	423.016
231.4	438.789
232.4	454.573
233.4	470.368
234.4	486.172
235.4	501.987
236.4	517.811
237.4	533.644
238.4	549.487
239.4	565.339
240.4	581.2
241.4	597.069
242.4	612.947
243.4	628.833
244.4	644.727
245.4	660.628
246.4	676.537
247.4	692.454
248.4	708.378
249.4	724.309
250.4	740.246
251.4	756.191
252.4	772.141
253.4	788.098
254.4	804.061
255.4	820.03
256.4	836.005
257.4	851.985
258.4	867.97
259.4	883.961
260.4	899.957
261.4	915.957
262.4	931.962
263.4	947.972
264.4	963.986
265.4	980.004
266.4	996.027
267.4	1012.05
268.4	1028.08
269.4	1044.12
270.4	1060.15
271.4	1076.19
272.4	1092.24
273.4	1108.28
274.4	1124.33
275.4	1140.38
276.4	1156.44
277.4	1172.49
278.4	1188.55
279.4	1204.62
280.4	1220.68
281.4	1236.74
282.4	1252.81
283.4	1268.88
284.4	1284.95
285.4	1301.02
286.4	1317.09
287.4	1333.17
288.4	1349.24
289.4	1365.31
290.4	1381.39
291.4	1397.47
292.4	1413.54
293.4	1429.62
294.4	1445.7
295.4	1461.78
296.4	1477.85
297.4	1493.93
298.4	1510.01
299.4	1526.09
300.4	1542.16
301.4	1558.24
302.4	1574.31
303.4	1590.39
304.4	1606.46
305.4	1622.54
306.4	1638.61
307.4	1654.68
308.4	1670.75
309.4	1686.82
310.4	1702.88
311.4	1718.95
312.4	1735.01
313.4	1751.07
314.4	1767.13
315.4	1783.19
316.4	1799.24
317.4	1815.3
318.4	1831.35
319.4	1847.4
320.4	1863.44
321.4	1879.49
322.4	1895.53
323.4	1911.57
324.4	1927.6
325.4	1943.63
326.4	1959.66
327.4	1975.69
328.4	1991.71
329.4	2007.73
330.4	2023.75
331.4	2039.77
332.4	2055.78
333.4	2071.78
334.4	2087.79
335.4	2103.79
336.4	2119.78
337.4	2135.77
338.4	2151.76
339.4	2167.75
340.4	2183.73
341.4	2199.7
342.4	2215.68
343.4	2231.64
344.4	2247.61
345.4	2263.57
346.4	2279.52
347.4	2295.47
348.4	2311.42
349.4	2327.36
350.4	2343.29
351.4	2359.22
352.4	2375.15
353.4	2391.07
354.4	2406.99
355.4	2422.9
356.4	2438.81
357.4	2454.71
358.4	2470.6
359.4	2486.49
360.4	2502.38
361.4	2518.26
362.4	2534.13
363.4	2550
364.4	2565.86
365.4	2581.72
366.4	2597.57
367.4	2613.42
368.4	2629.26
369.4	2645.1
370.4	2660.93
371.4	2676.75
372.4	2692.56
373.4	2708.38
374.4	2724.18
375.4	2739.98
376.4	2755.77
377.4	2771.56
378.4	2787.34
379.4	2803.11
380.4	2818.88
381.4	2834.64
382.4	2850.39
383.4	2866.14
384.4	2881.88
385.4	2897.61
386.4	2913.34
387.4	2929.06
388.4	2944.78
389.4	2960.49
390.4	2976.19
391.4	2991.88
392.4	3007.57
393.4	3023.25
394.4	3038.92
395.4	3054.58
396.4	3070.24
397.4	3085.89
398.4	3101.54
399.4	3117.18
400.4	3132.81
401.4	3148.43
402.4	3164.04
403.4	3179.65
404.4	3195.25
405.4	3210.85
406.4	3226.43
407.4	3242.01
408.4	3257.58
409.4	3273.15
410.4	3288.7
411.4	3304.25
412.4	3319.79
413.4	3335.32
414.4	3350.85
415.4	3366.36
416.4	3381.87
417.4	3397.38
418.4	3412.87
419.4	3428.36
420.4	3443.83
421.4	3459.3
422.4	3474.77
423.4	3490.22
424.4	3505.67
425.4	3521.11
426.4	3536.54
427.4	3551.96
428.4	3567.37
429.4	3582.78
430.4	3598.18
431.4	3613.57
432.4	3628.95
433.4	3644.32
434.4	3659.68
435.4	3675.04
436.4	3690.39
437.4	3705.73
438.4	3721.06
439.4	3736.38
440.4	3751.7
441.4	3767
442.4	3782.3
443.4	3797.59
444.4	3812.87
445.4	3828.15
446.4	3843.41
447.4	3858.66
448.4	3873.91
449.4	3889.15
450.4	3904.38
451.4	3919.6
452.4	3934.81
453.4	3950.02
454.4	3965.21
455.4	3980.4
456.4	3995.57
457.4	4010.74
458.4	4025.9
459.4	4041.05
460.4	4056.2
461.4	4071.33
462.4	4086.46
463.4	4101.57
464.4	4116.68
465.4	4131.78
466.4	4146.87
467.4	4161.95
468.4	4177.02
469.4	4192.08
470.4	4207.14
471.4	4222.18
472.4	4237.22
473.4	4252.24
474.4	4267.26
475.4	4282.27
476.4	4297.27
477.4	4312.26
478.4	4327.24
479.4	4342.22
480.4	4357.18
481.4	4372.13
482.4	4387.08
483.4	4402.02
484.4	4416.94
485.4	4431.86
486.4	4446.77
487.4	4461.67
488.4	4476.56
489.4	4491.44
490.4	4506.32
491.4	4521.18
492.4	4536.03
493.4	4550.88
494.4	4565.71
495.4	4580.54
496.4	4595.36
497.4	4610.17
498.4	4624.97
499.4	4639.76
500.4	4654.54
501.4	4669.31
502.4	4684.07
503.4	4698.82
504.4	4713.56
505.4	4728.3
506.4	4743.02
507.4	4757.74
508.4	4772.45
509.4	4787.14
510.4	4801.83
511.4	4816.51
512.4	4831.18
513.4	4845.84
514.4	4860.49
515.4	4875.13
516.4	4889.76
517.4	4904.38
518.4	4918.99
519.4	4933.6
520.4	4948.19
521.4	4962.78
522.4	4977.35
523.4	4991.92
