Inclusion data :
Temperature of total homogenization : 232.6 C
Pressure of total homogenization    : 27.7387 bar
Salinity                            : 8.94579 wt.% NaCl eq.
Density                             : 0.900526 g/ccm

Isochore data :
T [C]	P[bar]
232.6	27.7387
233.6	43.448
234.6	58.8011
235.6	73.971
236.6	89.0282
237.6	104.01
238.6	118.939
239.6	133.829
240.6	148.692
241.6	163.536
242.6	178.364
243.6	193.184
244.6	207.997
245.6	222.808
246.6	237.617
247.6	252.428
248.6	267.242
249.6	282.059
250.6	296.881
251.6	311.71
252.6	326.544
253.6	341.386
254.6	356.234
255.6	371.091
256.6	385.955
257.6	400.828
258.6	415.709
259.6	430.598
260.6	445.496
261.6	460.403
262.6	475.318
263.6	490.242
264.6	505.175
265.6	520.116
266.6	535.066
267.6	550.025
268.6	564.993
269.6	579.969
270.6	594.954
271.6	609.948
272.6	624.951
273.6	639.963
274.6	654.983
275.6	670.012
276.6	685.05
277.6	700.096
278.6	715.152
279.6	730.216
280.6	745.288
281.6	760.37
282.6	775.46
283.6	790.558
284.6	805.666
285.6	820.781
286.6	835.906
287.6	851.039
288.6	866.18
289.6	881.33
290.6	896.488
291.6	911.655
292.6	926.829
293.6	942.013
294.6	957.204
295.6	972.404
296.6	987.612
297.6	1002.83
298.6	1018.05
299.6	1033.28
300.6	1048.52
301.6	1063.77
302.6	1079.03
303.6	1094.29
304.6	1109.56
305.6	1124.84
306.6	1140.13
307.6	1155.43
308.6	1170.73
309.6	1186.04
310.6	1201.36
311.6	1216.68
312.6	1232.01
313.6	1247.35
314.6	1262.7
315.6	1278.05
316.6	1293.41
317.6	1308.78
318.6	1324.16
319.6	1339.54
320.6	1354.93
321.6	1370.32
322.6	1385.72
323.6	1401.13
324.6	1416.55
325.6	1431.97
326.6	1447.4
327.6	1462.83
328.6	1478.27
329.6	1493.72
330.6	1509.18
331.6	1524.64
332.6	1540.1
333.6	1555.57
334.6	1571.05
335.6	1586.53
336.6	1602.02
337.6	1617.52
338.6	1633.02
339.6	1648.53
340.6	1664.04
341.6	1679.55
342.6	1695.08
343.6	1710.6
344.6	1726.14
345.6	1741.68
346.6	1757.22
347.6	1772.77
348.6	1788.32
349.6	1803.88
350.6	1819.44
351.6	1835.01
352.6	1850.58
353.6	1866.16
354.6	1881.74
355.6	1897.32
356.6	1912.91
357.6	1928.51
358.6	1944.1
359.6	1959.71
360.6	1975.31
361.6	1990.92
362.6	2006.54
363.6	2022.15
364.6	2037.77
365.6	2053.4
366.6	2069.03
367.6	2084.66
368.6	2100.3
369.6	2115.93
370.6	2131.58
371.6	2147.22
372.6	2162.87
373.6	2178.52
374.6	2194.18
375.6	2209.83
376.6	2225.49
377.6	2241.15
378.6	2256.82
379.6	2272.49
380.6	2288.16
381.6	2303.83
382.6	2319.51
383.6	2335.18
384.6	2350.86
385.6	2366.54
386.6	2382.23
387.6	2397.91
388.6	2413.6
389.6	2429.29
390.6	2444.98
391.6	2460.67
392.6	2476.37
393.6	2492.06
394.6	2507.76
395.6	2523.46
396.6	2539.15
397.6	2554.86
398.6	2570.56
399.6	2586.26
400.6	2601.96
401.6	2617.67
402.6	2633.37
403.6	2649.08
404.6	2664.78
405.6	2680.49
406.6	2696.2
407.6	2711.91
408.6	2727.62
409.6	2743.32
410.6	2759.03
411.6	2774.74
412.6	2790.45
413.6	2806.16
414.6	2821.87
415.6	2837.58
416.6	2853.29
417.6	2869
418.6	2884.7
419.6	2900.41
420.6	2916.12
421.6	2931.82
422.6	2947.53
423.6	2963.23
424.6	2978.94
425.6	2994.64
426.6	3010.34
427.6	3026.04
428.6	3041.74
429.6	3057.44
430.6	3073.14
431.6	3088.84
432.6	3104.53
433.6	3120.23
434.6	3135.92
435.6	3151.61
436.6	3167.3
437.6	3182.98
438.6	3198.67
439.6	3214.35
440.6	3230.04
441.6	3245.72
442.6	3261.39
443.6	3277.07
444.6	3292.74
445.6	3308.41
446.6	3324.08
447.6	3339.75
448.6	3355.41
449.6	3371.07
450.6	3386.73
451.6	3402.39
452.6	3418.04
453.6	3433.69
454.6	3449.34
455.6	3464.99
456.6	3480.63
457.6	3496.27
458.6	3511.91
459.6	3527.54
460.6	3543.17
461.6	3558.8
462.6	3574.42
463.6	3590.04
464.6	3605.66
465.6	3621.27
466.6	3636.88
467.6	3652.49
468.6	3668.09
469.6	3683.69
470.6	3699.28
471.6	3714.88
472.6	3730.46
473.6	3746.05
474.6	3761.63
475.6	3777.2
476.6	3792.77
477.6	3808.34
478.6	3823.91
479.6	3839.46
480.6	3855.02
481.6	3870.57
482.6	3886.12
483.6	3901.66
484.6	3917.2
485.6	3932.73
486.6	3948.26
487.6	3963.78
488.6	3979.3
489.6	3994.81
490.6	4010.32
491.6	4025.83
492.6	4041.33
493.6	4056.82
494.6	4072.31
495.6	4087.8
496.6	4103.28
497.6	4118.75
498.6	4134.22
499.6	4149.68
500.6	4165.14
501.6	4180.6
502.6	4196.05
503.6	4211.49
504.6	4226.93
505.6	4242.36
506.6	4257.78
507.6	4273.21
508.6	4288.62
509.6	4304.03
510.6	4319.43
511.6	4334.83
512.6	4350.23
513.6	4365.61
514.6	4380.99
515.6	4396.37
516.6	4411.74
517.6	4427.1
518.6	4442.46
519.6	4457.81
520.6	4473.15
521.6	4488.49
522.6	4503.83
523.6	4519.15
524.6	4534.47
525.6	4549.79
526.6	4565.1
527.6	4580.4
528.6	4595.69
529.6	4610.98
530.6	4626.26
531.6	4641.54
532.6	4656.81
533.6	4672.07
534.6	4687.33
535.6	4702.58
536.6	4717.82
537.6	4733.06
538.6	4748.29
539.6	4763.51
540.6	4778.73
541.6	4793.94
542.6	4809.14
543.6	4824.33
544.6	4839.52
545.6	4854.7
546.6	4869.88
547.6	4885.05
548.6	4900.21
549.6	4915.36
550.6	4930.51
551.6	4945.65
552.6	4960.78
553.6	4975.91
554.6	4991.03
