Inclusion data :
Temperature of total homogenization : 216.4 C
Pressure of total homogenization    : 20.5549 bar
Salinity                            : 8.00224 wt.% NaCl eq.
Density                             : 0.910882 g/ccm

Isochore data :
T [C]	P[bar]
216.4	20.5549
217.4	36.9895
218.4	52.9252
219.4	68.6419
220.4	84.2329
221.4	99.7432
222.4	115.199
223.4	130.616
224.4	146.006
225.4	161.378
226.4	176.739
227.4	192.092
228.4	207.442
229.4	222.792
230.4	238.144
231.4	253.501
232.4	268.864
233.4	284.235
234.4	299.615
235.4	315.004
236.4	330.402
237.4	345.812
238.4	361.232
239.4	376.664
240.4	392.106
241.4	407.56
242.4	423.026
243.4	438.502
244.4	453.99
245.4	469.49
246.4	485
247.4	500.522
248.4	516.054
249.4	531.598
250.4	547.152
251.4	562.717
252.4	578.293
253.4	593.879
254.4	609.476
255.4	625.083
256.4	640.7
257.4	656.327
258.4	671.965
259.4	687.612
260.4	703.27
261.4	718.937
262.4	734.614
263.4	750.301
264.4	765.998
265.4	781.705
266.4	797.421
267.4	813.147
268.4	828.882
269.4	844.626
270.4	860.38
271.4	876.144
272.4	891.916
273.4	907.698
274.4	923.489
275.4	939.289
276.4	955.098
277.4	970.916
278.4	986.743
279.4	1002.58
280.4	1018.42
281.4	1034.28
282.4	1050.14
283.4	1066.01
284.4	1081.89
285.4	1097.78
286.4	1113.67
287.4	1129.57
288.4	1145.49
289.4	1161.41
290.4	1177.34
291.4	1193.27
292.4	1209.22
293.4	1225.17
294.4	1241.13
295.4	1257.1
296.4	1273.07
297.4	1289.05
298.4	1305.04
299.4	1321.04
300.4	1337.05
301.4	1353.06
302.4	1369.08
303.4	1385.11
304.4	1401.14
305.4	1417.18
306.4	1433.23
307.4	1449.28
308.4	1465.34
309.4	1481.41
310.4	1497.48
311.4	1513.56
312.4	1529.65
313.4	1545.74
314.4	1561.84
315.4	1577.94
316.4	1594.05
317.4	1610.17
318.4	1626.29
319.4	1642.42
320.4	1658.55
321.4	1674.69
322.4	1690.84
323.4	1706.99
324.4	1723.14
325.4	1739.31
326.4	1755.47
327.4	1771.64
328.4	1787.82
329.4	1804
330.4	1820.18
331.4	1836.38
332.4	1852.57
333.4	1868.77
334.4	1884.97
335.4	1901.18
336.4	1917.39
337.4	1933.61
338.4	1949.83
339.4	1966.06
340.4	1982.29
341.4	1998.52
342.4	2014.75
343.4	2030.99
344.4	2047.24
345.4	2063.48
346.4	2079.74
347.4	2095.99
348.4	2112.25
349.4	2128.51
350.4	2144.77
351.4	2161.04
352.4	2177.3
353.4	2193.58
354.4	2209.85
355.4	2226.13
356.4	2242.41
357.4	2258.69
358.4	2274.97
359.4	2291.26
360.4	2307.55
361.4	2323.84
362.4	2340.13
363.4	2356.43
364.4	2372.72
365.4	2389.02
366.4	2405.32
367.4	2421.62
368.4	2437.93
369.4	2454.23
370.4	2470.54
371.4	2486.84
372.4	2503.15
373.4	2519.46
374.4	2535.77
375.4	2552.08
376.4	2568.39
377.4	2584.71
378.4	2601.02
379.4	2617.33
380.4	2633.65
381.4	2649.96
382.4	2666.28
383.4	2682.59
384.4	2698.91
385.4	2715.22
386.4	2731.54
387.4	2747.85
388.4	2764.17
389.4	2780.48
390.4	2796.8
391.4	2813.11
392.4	2829.42
393.4	2845.74
394.4	2862.05
395.4	2878.36
396.4	2894.67
397.4	2910.98
398.4	2927.29
399.4	2943.6
400.4	2959.91
401.4	2976.21
402.4	2992.51
403.4	3008.82
404.4	3025.12
405.4	3041.42
406.4	3057.72
407.4	3074.01
408.4	3090.31
409.4	3106.6
410.4	3122.89
411.4	3139.18
412.4	3155.47
413.4	3171.75
414.4	3188.04
415.4	3204.32
416.4	3220.6
417.4	3236.87
418.4	3253.15
419.4	3269.42
420.4	3285.68
421.4	3301.95
422.4	3318.21
423.4	3334.47
424.4	3350.73
425.4	3366.98
426.4	3383.24
427.4	3399.48
428.4	3415.73
429.4	3431.97
430.4	3448.21
431.4	3464.44
432.4	3480.68
433.4	3496.9
434.4	3513.13
435.4	3529.35
436.4	3545.57
437.4	3561.78
438.4	3577.99
439.4	3594.2
440.4	3610.4
441.4	3626.6
442.4	3642.79
443.4	3658.98
444.4	3675.17
445.4	3691.35
446.4	3707.53
447.4	3723.7
448.4	3739.87
449.4	3756.03
450.4	3772.19
451.4	3788.34
452.4	3804.5
453.4	3820.64
454.4	3836.78
455.4	3852.92
456.4	3869.05
457.4	3885.18
458.4	3901.3
459.4	3917.41
460.4	3933.52
461.4	3949.63
462.4	3965.73
463.4	3981.83
464.4	3997.92
465.4	4014
466.4	4030.08
467.4	4046.16
468.4	4062.22
469.4	4078.29
470.4	4094.34
471.4	4110.4
472.4	4126.44
473.4	4142.48
474.4	4158.52
475.4	4174.55
476.4	4190.57
477.4	4206.59
478.4	4222.6
479.4	4238.6
480.4	4254.6
481.4	4270.59
482.4	4286.58
483.4	4302.56
484.4	4318.54
485.4	4334.5
486.4	4350.46
487.4	4366.42
488.4	4382.37
489.4	4398.31
490.4	4414.25
491.4	4430.18
492.4	4446.1
493.4	4462.02
494.4	4477.92
495.4	4493.83
496.4	4509.72
497.4	4525.61
498.4	4541.49
499.4	4557.37
500.4	4573.24
501.4	4589.1
502.4	4604.96
503.4	4620.8
504.4	4636.64
505.4	4652.48
506.4	4668.3
507.4	4684.12
508.4	4699.94
509.4	4715.74
510.4	4731.54
511.4	4747.33
512.4	4763.11
513.4	4778.89
514.4	4794.66
515.4	4810.42
516.4	4826.17
517.4	4841.92
518.4	4857.65
519.4	4873.39
520.4	4889.11
521.4	4904.82
522.4	4920.53
523.4	4936.23
524.4	4951.93
525.4	4967.61
526.4	4983.29
527.4	4998.96
