Inclusion data :
Temperature of total homogenization : 234.4 C
Pressure of total homogenization    : 28.0635 bar
Salinity                            : 11.8141 wt.% NaCl eq.
Density                             : 0.922577 g/ccm

Isochore data :
T [C]	P[bar]
234.4	28.0635
235.4	44.3463
236.4	60.0861
237.4	75.5557
238.4	90.8613
239.4	106.058
240.4	121.178
241.4	136.242
242.4	151.265
243.4	166.258
244.4	181.229
245.4	196.183
246.4	211.126
247.4	226.059
248.4	240.988
249.4	255.913
250.4	270.836
251.4	285.76
252.4	300.685
253.4	315.612
254.4	330.541
255.4	345.475
256.4	360.413
257.4	375.355
258.4	390.302
259.4	405.256
260.4	420.214
261.4	435.18
262.4	450.151
263.4	465.129
264.4	480.114
265.4	495.107
266.4	510.106
267.4	525.113
268.4	540.128
269.4	555.151
270.4	570.182
271.4	585.221
272.4	600.268
273.4	615.323
274.4	630.387
275.4	645.46
276.4	660.541
277.4	675.632
278.4	690.731
279.4	705.839
280.4	720.956
281.4	736.082
282.4	751.217
283.4	766.362
284.4	781.516
285.4	796.679
286.4	811.852
287.4	827.034
288.4	842.225
289.4	857.426
290.4	872.636
291.4	887.855
292.4	903.085
293.4	918.323
294.4	933.572
295.4	948.829
296.4	964.096
297.4	979.373
298.4	994.66
299.4	1009.96
300.4	1025.26
301.4	1040.58
302.4	1055.9
303.4	1071.23
304.4	1086.58
305.4	1101.93
306.4	1117.29
307.4	1132.66
308.4	1148.04
309.4	1163.43
310.4	1178.83
311.4	1194.24
312.4	1209.66
313.4	1225.09
314.4	1240.53
315.4	1255.97
316.4	1271.43
317.4	1286.89
318.4	1302.37
319.4	1317.85
320.4	1333.34
321.4	1348.84
322.4	1364.35
323.4	1379.87
324.4	1395.4
325.4	1410.93
326.4	1426.48
327.4	1442.03
328.4	1457.59
329.4	1473.16
330.4	1488.74
331.4	1504.33
332.4	1519.93
333.4	1535.53
334.4	1551.15
335.4	1566.77
336.4	1582.4
337.4	1598.04
338.4	1613.68
339.4	1629.34
340.4	1645
341.4	1660.67
342.4	1676.35
343.4	1692.04
344.4	1707.73
345.4	1723.44
346.4	1739.15
347.4	1754.86
348.4	1770.59
349.4	1786.32
350.4	1802.06
351.4	1817.81
352.4	1833.57
353.4	1849.33
354.4	1865.1
355.4	1880.88
356.4	1896.66
357.4	1912.45
358.4	1928.25
359.4	1944.06
360.4	1959.87
361.4	1975.69
362.4	1991.51
363.4	2007.34
364.4	2023.18
365.4	2039.03
366.4	2054.88
367.4	2070.74
368.4	2086.6
369.4	2102.47
370.4	2118.35
371.4	2134.23
372.4	2150.12
373.4	2166.01
374.4	2181.91
375.4	2197.82
376.4	2213.73
377.4	2229.65
378.4	2245.57
379.4	2261.5
380.4	2277.44
381.4	2293.37
382.4	2309.32
383.4	2325.27
384.4	2341.22
385.4	2357.18
386.4	2373.15
387.4	2389.12
388.4	2405.09
389.4	2421.07
390.4	2437.05
391.4	2453.04
392.4	2469.03
393.4	2485.03
394.4	2501.03
395.4	2517.04
396.4	2533.05
397.4	2549.06
398.4	2565.08
399.4	2581.1
400.4	2597.12
401.4	2613.15
402.4	2629.18
403.4	2645.22
404.4	2661.26
405.4	2677.3
406.4	2693.35
407.4	2709.4
408.4	2725.45
409.4	2741.51
410.4	2757.56
411.4	2773.63
412.4	2789.69
413.4	2805.76
414.4	2821.83
415.4	2837.9
416.4	2853.97
417.4	2870.05
418.4	2886.13
419.4	2902.21
420.4	2918.3
421.4	2934.38
422.4	2950.47
423.4	2966.56
424.4	2982.65
425.4	2998.75
426.4	3014.84
427.4	3030.94
428.4	3047.04
429.4	3063.14
430.4	3079.24
431.4	3095.34
432.4	3111.45
433.4	3127.55
434.4	3143.66
435.4	3159.76
436.4	3175.87
437.4	3191.98
438.4	3208.09
439.4	3224.2
440.4	3240.31
441.4	3256.42
442.4	3272.53
443.4	3288.64
444.4	3304.76
445.4	3320.87
446.4	3336.98
447.4	3353.09
448.4	3369.2
449.4	3385.32
450.4	3401.43
451.4	3417.54
452.4	3433.65
453.4	3449.76
454.4	3465.87
455.4	3481.98
456.4	3498.09
457.4	3514.2
458.4	3530.31
459.4	3546.41
460.4	3562.52
461.4	3578.62
462.4	3594.72
463.4	3610.83
464.4	3626.93
465.4	3643.03
466.4	3659.13
467.4	3675.22
468.4	3691.32
469.4	3707.41
470.4	3723.5
471.4	3739.59
472.4	3755.68
473.4	3771.77
474.4	3787.85
475.4	3803.93
476.4	3820.01
477.4	3836.09
478.4	3852.17
479.4	3868.24
480.4	3884.31
481.4	3900.38
482.4	3916.44
483.4	3932.51
484.4	3948.57
485.4	3964.62
486.4	3980.68
487.4	3996.73
488.4	4012.78
489.4	4028.83
490.4	4044.87
491.4	4060.91
492.4	4076.95
493.4	4092.98
494.4	4109.01
495.4	4125.04
496.4	4141.06
497.4	4157.08
498.4	4173.1
499.4	4189.11
500.4	4205.12
501.4	4221.12
502.4	4237.13
503.4	4253.12
504.4	4269.12
505.4	4285.11
506.4	4301.09
507.4	4317.08
508.4	4333.05
509.4	4349.03
510.4	4364.99
511.4	4380.96
512.4	4396.92
513.4	4412.88
514.4	4428.83
515.4	4444.77
516.4	4460.72
517.4	4476.65
518.4	4492.59
519.4	4508.51
520.4	4524.44
521.4	4540.36
522.4	4556.27
523.4	4572.18
524.4	4588.08
525.4	4603.98
526.4	4619.87
527.4	4635.76
528.4	4651.65
529.4	4667.52
530.4	4683.4
531.4	4699.26
532.4	4715.12
533.4	4730.98
534.4	4746.83
535.4	4762.68
536.4	4778.52
537.4	4794.35
538.4	4810.18
539.4	4826
540.4	4841.82
541.4	4857.63
542.4	4873.43
543.4	4889.23
544.4	4905.02
545.4	4920.81
546.4	4936.59
547.4	4952.37
548.4	4968.13
549.4	4983.9
550.4	4999.65
