Inclusion data :
Temperature of total homogenization : 260.5 C
Pressure of total homogenization    : 45.2307 bar
Salinity                            : 7.86463 wt.% NaCl eq.
Density                             : 0.857087 g/ccm

Isochore data :
T [C]	P[bar]
260.5	45.2307
261.5	59.0936
262.5	72.8467
263.5	86.5295
264.5	100.164
265.5	113.765
266.5	127.341
267.5	140.899
268.5	154.444
269.5	167.979
270.5	181.508
271.5	195.034
272.5	208.557
273.5	222.08
274.5	235.604
275.5	249.129
276.5	262.658
277.5	276.19
278.5	289.727
279.5	303.268
280.5	316.815
281.5	330.367
282.5	343.926
283.5	357.491
284.5	371.062
285.5	384.64
286.5	398.225
287.5	411.816
288.5	425.415
289.5	439.021
290.5	452.635
291.5	466.255
292.5	479.883
293.5	493.518
294.5	507.161
295.5	520.811
296.5	534.468
297.5	548.133
298.5	561.805
299.5	575.485
300.5	589.171
301.5	602.865
302.5	616.567
303.5	630.275
304.5	643.991
305.5	657.714
306.5	671.445
307.5	685.182
308.5	698.927
309.5	712.678
310.5	726.437
311.5	740.202
312.5	753.975
313.5	767.755
314.5	781.541
315.5	795.334
316.5	809.134
317.5	822.941
318.5	836.754
319.5	850.574
320.5	864.401
321.5	878.234
322.5	892.074
323.5	905.92
324.5	919.773
325.5	933.632
326.5	947.497
327.5	961.368
328.5	975.246
329.5	989.13
330.5	1003.02
331.5	1016.92
332.5	1030.82
333.5	1044.72
334.5	1058.64
335.5	1072.56
336.5	1086.48
337.5	1100.41
338.5	1114.35
339.5	1128.29
340.5	1142.24
341.5	1156.19
342.5	1170.15
343.5	1184.11
344.5	1198.08
345.5	1212.06
346.5	1226.04
347.5	1240.02
348.5	1254.01
349.5	1268
350.5	1282
351.5	1296.01
352.5	1310.02
353.5	1324.03
354.5	1338.05
355.5	1352.07
356.5	1366.1
357.5	1380.13
358.5	1394.17
359.5	1408.21
360.5	1422.25
361.5	1436.3
362.5	1450.35
363.5	1464.41
364.5	1478.47
365.5	1492.54
366.5	1506.61
367.5	1520.68
368.5	1534.76
369.5	1548.84
370.5	1562.92
371.5	1577.01
372.5	1591.1
373.5	1605.2
374.5	1619.29
375.5	1633.4
376.5	1647.5
377.5	1661.61
378.5	1675.72
379.5	1689.84
380.5	1703.95
381.5	1718.07
382.5	1732.2
383.5	1746.32
384.5	1760.45
385.5	1774.59
386.5	1788.72
387.5	1802.86
388.5	1817
389.5	1831.14
390.5	1845.29
391.5	1859.43
392.5	1873.58
393.5	1887.73
394.5	1901.89
395.5	1916.04
396.5	1930.2
397.5	1944.36
398.5	1958.52
399.5	1972.69
400.5	1986.85
401.5	2001.02
402.5	2015.19
403.5	2029.36
404.5	2043.53
405.5	2057.71
406.5	2071.88
407.5	2086.06
408.5	2100.23
409.5	2114.41
410.5	2128.59
411.5	2142.78
412.5	2156.96
413.5	2171.14
414.5	2185.33
415.5	2199.51
416.5	2213.7
417.5	2227.88
418.5	2242.07
419.5	2256.26
420.5	2270.45
421.5	2284.64
422.5	2298.83
423.5	2313.02
424.5	2327.21
425.5	2341.4
426.5	2355.59
427.5	2369.78
428.5	2383.98
429.5	2398.17
430.5	2412.36
431.5	2426.55
432.5	2440.74
433.5	2454.93
434.5	2469.12
435.5	2483.31
436.5	2497.5
437.5	2511.69
438.5	2525.88
439.5	2540.07
440.5	2554.26
441.5	2568.45
442.5	2582.64
443.5	2596.82
444.5	2611.01
445.5	2625.19
446.5	2639.38
447.5	2653.56
448.5	2667.74
449.5	2681.92
450.5	2696.1
451.5	2710.28
452.5	2724.46
453.5	2738.63
454.5	2752.81
455.5	2766.98
456.5	2781.15
457.5	2795.32
458.5	2809.49
459.5	2823.66
460.5	2837.83
461.5	2851.99
462.5	2866.15
463.5	2880.31
464.5	2894.47
465.5	2908.63
466.5	2922.78
467.5	2936.94
468.5	2951.09
469.5	2965.23
470.5	2979.38
471.5	2993.52
472.5	3007.67
473.5	3021.81
474.5	3035.94
475.5	3050.08
476.5	3064.21
477.5	3078.34
478.5	3092.47
479.5	3106.59
480.5	3120.71
481.5	3134.83
482.5	3148.95
483.5	3163.06
484.5	3177.17
485.5	3191.28
486.5	3205.39
487.5	3219.49
488.5	3233.59
489.5	3247.68
490.5	3261.78
491.5	3275.87
492.5	3289.95
493.5	3304.04
494.5	3318.12
495.5	3332.19
496.5	3346.27
497.5	3360.34
498.5	3374.41
499.5	3388.47
500.5	3402.53
501.5	3416.58
502.5	3430.64
503.5	3444.69
504.5	3458.73
505.5	3472.77
506.5	3486.81
507.5	3500.84
508.5	3514.87
509.5	3528.9
510.5	3542.92
511.5	3556.94
512.5	3570.95
513.5	3584.96
514.5	3598.97
515.5	3612.97
516.5	3626.97
517.5	3640.96
518.5	3654.95
519.5	3668.94
520.5	3682.92
521.5	3696.89
522.5	3710.87
523.5	3724.83
524.5	3738.8
525.5	3752.75
526.5	3766.71
527.5	3780.66
528.5	3794.6
529.5	3808.54
530.5	3822.48
531.5	3836.41
532.5	3850.34
533.5	3864.26
534.5	3878.17
535.5	3892.09
536.5	3905.99
537.5	3919.89
538.5	3933.79
539.5	3947.68
540.5	3961.57
541.5	3975.45
542.5	3989.33
543.5	4003.2
544.5	4017.07
545.5	4030.93
546.5	4044.79
547.5	4058.64
548.5	4072.49
549.5	4086.33
550.5	4100.16
551.5	4113.99
552.5	4127.82
553.5	4141.64
554.5	4155.45
555.5	4169.26
556.5	4183.06
557.5	4196.86
558.5	4210.65
559.5	4224.44
560.5	4238.22
561.5	4252
562.5	4265.77
563.5	4279.53
564.5	4293.29
565.5	4307.05
566.5	4320.79
567.5	4334.53
568.5	4348.27
569.5	4362
570.5	4375.73
571.5	4389.44
572.5	4403.16
573.5	4416.86
574.5	4430.56
575.5	4444.26
576.5	4457.95
577.5	4471.63
578.5	4485.31
579.5	4498.98
580.5	4512.65
581.5	4526.3
582.5	4539.96
583.5	4553.6
584.5	4567.25
585.5	4580.88
586.5	4594.51
587.5	4608.13
588.5	4621.75
589.5	4635.36
590.5	4648.96
591.5	4662.56
592.5	4676.15
593.5	4689.74
594.5	4703.31
595.5	4716.89
596.5	4730.45
597.5	4744.01
598.5	4757.57
599.5	4771.11
600.5	4784.65
601.5	4798.19
602.5	4811.72
603.5	4825.24
604.5	4838.75
605.5	4852.26
606.5	4865.76
607.5	4879.26
608.5	4892.75
609.5	4906.23
610.5	4919.7
611.5	4933.17
612.5	4946.63
613.5	4960.09
614.5	4973.54
615.5	4986.98
