Inclusion data :
Temperature of total homogenization : 244.5 C
Pressure of total homogenization    : 34.6113 bar
Salinity                            : 7.58723 wt.% NaCl eq.
Density                             : 0.874867 g/ccm

Isochore data :
T [C]	P[bar]
244.5	34.6113
245.5	49.36
246.5	63.9254
247.5	78.3849
248.5	92.776
249.5	107.12
250.5	121.431
251.5	135.717
252.5	149.987
253.5	164.243
254.5	178.492
255.5	192.734
256.5	206.974
257.5	221.212
258.5	235.452
259.5	249.693
260.5	263.937
261.5	278.185
262.5	292.438
263.5	306.696
264.5	320.961
265.5	335.231
266.5	349.509
267.5	363.794
268.5	378.086
269.5	392.385
270.5	406.692
271.5	421.008
272.5	435.331
273.5	449.661
274.5	464
275.5	478.347
276.5	492.703
277.5	507.066
278.5	521.437
279.5	535.816
280.5	550.204
281.5	564.599
282.5	579.002
283.5	593.414
284.5	607.833
285.5	622.26
286.5	636.695
287.5	651.138
288.5	665.589
289.5	680.047
290.5	694.514
291.5	708.987
292.5	723.469
293.5	737.958
294.5	752.455
295.5	766.959
296.5	781.471
297.5	795.99
298.5	810.516
299.5	825.05
300.5	839.591
301.5	854.139
302.5	868.695
303.5	883.257
304.5	897.827
305.5	912.403
306.5	926.987
307.5	941.577
308.5	956.174
309.5	970.778
310.5	985.389
311.5	1000.01
312.5	1014.63
313.5	1029.26
314.5	1043.9
315.5	1058.54
316.5	1073.19
317.5	1087.85
318.5	1102.51
319.5	1117.18
320.5	1131.85
321.5	1146.53
322.5	1161.22
323.5	1175.91
324.5	1190.61
325.5	1205.31
326.5	1220.02
327.5	1234.74
328.5	1249.46
329.5	1264.19
330.5	1278.92
331.5	1293.66
332.5	1308.4
333.5	1323.15
334.5	1337.9
335.5	1352.66
336.5	1367.42
337.5	1382.19
338.5	1396.96
339.5	1411.74
340.5	1426.52
341.5	1441.31
342.5	1456.1
343.5	1470.9
344.5	1485.7
345.5	1500.51
346.5	1515.32
347.5	1530.13
348.5	1544.95
349.5	1559.77
350.5	1574.6
351.5	1589.43
352.5	1604.26
353.5	1619.1
354.5	1633.94
355.5	1648.79
356.5	1663.64
357.5	1678.49
358.5	1693.35
359.5	1708.21
360.5	1723.07
361.5	1737.94
362.5	1752.81
363.5	1767.68
364.5	1782.56
365.5	1797.44
366.5	1812.32
367.5	1827.2
368.5	1842.09
369.5	1856.98
370.5	1871.88
371.5	1886.77
372.5	1901.67
373.5	1916.57
374.5	1931.47
375.5	1946.38
376.5	1961.29
377.5	1976.2
378.5	1991.11
379.5	2006.02
380.5	2020.94
381.5	2035.86
382.5	2050.78
383.5	2065.7
384.5	2080.62
385.5	2095.55
386.5	2110.48
387.5	2125.4
388.5	2140.33
389.5	2155.26
390.5	2170.2
391.5	2185.13
392.5	2200.06
393.5	2215
394.5	2229.94
395.5	2244.87
396.5	2259.81
397.5	2274.75
398.5	2289.69
399.5	2304.63
400.5	2319.57
401.5	2334.51
402.5	2349.45
403.5	2364.4
404.5	2379.34
405.5	2394.28
406.5	2409.23
407.5	2424.17
408.5	2439.11
409.5	2454.06
410.5	2469
411.5	2483.94
412.5	2498.89
413.5	2513.83
414.5	2528.77
415.5	2543.71
416.5	2558.65
417.5	2573.6
418.5	2588.54
419.5	2603.48
420.5	2618.42
421.5	2633.35
422.5	2648.29
423.5	2663.23
424.5	2678.16
425.5	2693.1
426.5	2708.03
427.5	2722.96
428.5	2737.89
429.5	2752.82
430.5	2767.75
431.5	2782.68
432.5	2797.61
433.5	2812.53
434.5	2827.45
435.5	2842.37
436.5	2857.29
437.5	2872.21
438.5	2887.13
439.5	2902.04
440.5	2916.95
441.5	2931.86
442.5	2946.77
443.5	2961.67
444.5	2976.58
445.5	2991.48
446.5	3006.38
447.5	3021.28
448.5	3036.17
449.5	3051.06
450.5	3065.95
451.5	3080.84
452.5	3095.72
453.5	3110.6
454.5	3125.48
455.5	3140.36
456.5	3155.23
457.5	3170.1
458.5	3184.97
459.5	3199.83
460.5	3214.7
461.5	3229.55
462.5	3244.41
463.5	3259.26
464.5	3274.11
465.5	3288.95
466.5	3303.8
467.5	3318.64
468.5	3333.47
469.5	3348.3
470.5	3363.13
471.5	3377.96
472.5	3392.78
473.5	3407.59
474.5	3422.41
475.5	3437.22
476.5	3452.02
477.5	3466.82
478.5	3481.62
479.5	3496.42
480.5	3511.21
481.5	3525.99
482.5	3540.77
483.5	3555.55
484.5	3570.32
485.5	3585.09
486.5	3599.86
487.5	3614.62
488.5	3629.38
489.5	3644.13
490.5	3658.87
491.5	3673.62
492.5	3688.36
493.5	3703.09
494.5	3717.82
495.5	3732.54
496.5	3747.26
497.5	3761.98
498.5	3776.69
499.5	3791.39
500.5	3806.09
501.5	3820.79
502.5	3835.48
503.5	3850.16
504.5	3864.84
505.5	3879.52
506.5	3894.19
507.5	3908.85
508.5	3923.51
509.5	3938.17
510.5	3952.82
511.5	3967.46
512.5	3982.1
513.5	3996.73
514.5	4011.36
515.5	4025.98
516.5	4040.6
517.5	4055.21
518.5	4069.82
519.5	4084.42
520.5	4099.01
521.5	4113.6
522.5	4128.18
523.5	4142.76
524.5	4157.33
525.5	4171.9
526.5	4186.46
527.5	4201.01
528.5	4215.56
529.5	4230.11
530.5	4244.64
531.5	4259.17
532.5	4273.7
533.5	4288.22
534.5	4302.73
535.5	4317.24
536.5	4331.74
537.5	4346.23
538.5	4360.72
539.5	4375.2
540.5	4389.68
541.5	4404.14
542.5	4418.61
543.5	4433.06
544.5	4447.51
545.5	4461.96
546.5	4476.4
547.5	4490.83
548.5	4505.25
549.5	4519.67
550.5	4534.08
551.5	4548.49
552.5	4562.89
553.5	4577.28
554.5	4591.66
555.5	4606.04
556.5	4620.41
557.5	4634.78
558.5	4649.14
559.5	4663.49
560.5	4677.84
561.5	4692.18
562.5	4706.51
563.5	4720.83
564.5	4735.15
565.5	4749.46
566.5	4763.77
567.5	4778.06
568.5	4792.35
569.5	4806.64
570.5	4820.92
571.5	4835.19
572.5	4849.45
573.5	4863.7
574.5	4877.95
575.5	4892.19
576.5	4906.43
577.5	4920.66
578.5	4934.88
579.5	4949.09
580.5	4963.3
581.5	4977.5
582.5	4991.69
