Inclusion data :
Temperature of total homogenization : 268.2 C
Pressure of total homogenization    : 50.234 bar
Salinity                            : 10.7326 wt.% NaCl eq.
Density                             : 0.873002 g/ccm

Isochore data :
T [C]	P[bar]
268.2	50.234
269.2	64.1063
270.2	77.8358
271.2	91.4706
272.2	105.038
273.2	118.557
274.2	132.039
275.2	145.493
276.2	158.926
277.2	172.342
278.2	185.746
279.2	199.14
280.2	212.528
281.2	225.911
282.2	239.292
283.2	252.67
284.2	266.049
285.2	279.428
286.2	292.809
287.2	306.192
288.2	319.578
289.2	332.968
290.2	346.362
291.2	359.76
292.2	373.162
293.2	386.57
294.2	399.983
295.2	413.402
296.2	426.826
297.2	440.256
298.2	453.693
299.2	467.136
300.2	480.585
301.2	494.041
302.2	507.503
303.2	520.972
304.2	534.448
305.2	547.931
306.2	561.42
307.2	574.917
308.2	588.421
309.2	601.932
310.2	615.451
311.2	628.976
312.2	642.509
313.2	656.049
314.2	669.596
315.2	683.151
316.2	696.713
317.2	710.283
318.2	723.86
319.2	737.444
320.2	751.036
321.2	764.635
322.2	778.242
323.2	791.856
324.2	805.477
325.2	819.106
326.2	832.742
327.2	846.386
328.2	860.037
329.2	873.695
330.2	887.36
331.2	901.033
332.2	914.713
333.2	928.401
334.2	942.096
335.2	955.798
336.2	969.507
337.2	983.223
338.2	996.947
339.2	1010.68
340.2	1024.41
341.2	1038.16
342.2	1051.91
343.2	1065.67
344.2	1079.44
345.2	1093.21
346.2	1106.99
347.2	1120.77
348.2	1134.57
349.2	1148.37
350.2	1162.18
351.2	1175.99
352.2	1189.81
353.2	1203.64
354.2	1217.47
355.2	1231.31
356.2	1245.16
357.2	1259.01
358.2	1272.87
359.2	1286.73
360.2	1300.61
361.2	1314.49
362.2	1328.37
363.2	1342.26
364.2	1356.16
365.2	1370.06
366.2	1383.97
367.2	1397.89
368.2	1411.81
369.2	1425.74
370.2	1439.67
371.2	1453.61
372.2	1467.56
373.2	1481.51
374.2	1495.46
375.2	1509.43
376.2	1523.39
377.2	1537.37
378.2	1551.35
379.2	1565.33
380.2	1579.32
381.2	1593.32
382.2	1607.32
383.2	1621.32
384.2	1635.33
385.2	1649.35
386.2	1663.37
387.2	1677.4
388.2	1691.43
389.2	1705.47
390.2	1719.51
391.2	1733.55
392.2	1747.6
393.2	1761.66
394.2	1775.72
395.2	1789.79
396.2	1803.86
397.2	1817.93
398.2	1832.01
399.2	1846.09
400.2	1860.18
401.2	1874.27
402.2	1888.37
403.2	1902.47
404.2	1916.57
405.2	1930.68
406.2	1944.79
407.2	1958.91
408.2	1973.03
409.2	1987.15
410.2	2001.28
411.2	2015.41
412.2	2029.55
413.2	2043.69
414.2	2057.83
415.2	2071.98
416.2	2086.13
417.2	2100.28
418.2	2114.43
419.2	2128.59
420.2	2142.76
421.2	2156.92
422.2	2171.09
423.2	2185.26
424.2	2199.44
425.2	2213.62
426.2	2227.8
427.2	2241.98
428.2	2256.17
429.2	2270.36
430.2	2284.55
431.2	2298.74
432.2	2312.94
433.2	2327.14
434.2	2341.34
435.2	2355.54
436.2	2369.75
437.2	2383.96
438.2	2398.17
439.2	2412.38
440.2	2426.6
441.2	2440.81
442.2	2455.03
443.2	2469.25
444.2	2483.47
445.2	2497.7
446.2	2511.92
447.2	2526.15
448.2	2540.38
449.2	2554.61
450.2	2568.84
451.2	2583.07
452.2	2597.31
453.2	2611.54
454.2	2625.78
455.2	2640.02
456.2	2654.26
457.2	2668.5
458.2	2682.74
459.2	2696.98
460.2	2711.22
461.2	2725.47
462.2	2739.71
463.2	2753.96
464.2	2768.2
465.2	2782.45
466.2	2796.7
467.2	2810.94
468.2	2825.19
469.2	2839.44
470.2	2853.69
471.2	2867.93
472.2	2882.18
473.2	2896.43
474.2	2910.68
475.2	2924.93
476.2	2939.18
477.2	2953.43
478.2	2967.67
479.2	2981.92
480.2	2996.17
481.2	3010.42
482.2	3024.66
483.2	3038.91
484.2	3053.15
485.2	3067.4
486.2	3081.64
487.2	3095.89
488.2	3110.13
489.2	3124.37
490.2	3138.62
491.2	3152.86
492.2	3167.1
493.2	3181.33
494.2	3195.57
495.2	3209.81
496.2	3224.04
497.2	3238.28
498.2	3252.51
499.2	3266.74
500.2	3280.97
501.2	3295.2
502.2	3309.43
503.2	3323.65
504.2	3337.87
505.2	3352.1
506.2	3366.32
507.2	3380.54
508.2	3394.75
509.2	3408.97
510.2	3423.18
511.2	3437.39
512.2	3451.6
513.2	3465.81
514.2	3480.01
515.2	3494.22
516.2	3508.42
517.2	3522.62
518.2	3536.81
519.2	3551
520.2	3565.2
521.2	3579.38
522.2	3593.57
523.2	3607.76
524.2	3621.94
525.2	3636.11
526.2	3650.29
527.2	3664.46
528.2	3678.63
529.2	3692.8
530.2	3706.97
531.2	3721.13
532.2	3735.29
533.2	3749.44
534.2	3763.6
535.2	3777.75
536.2	3791.89
537.2	3806.04
538.2	3820.18
539.2	3834.31
540.2	3848.45
541.2	3862.58
542.2	3876.7
543.2	3890.83
544.2	3904.95
545.2	3919.06
546.2	3933.18
547.2	3947.29
548.2	3961.39
549.2	3975.49
550.2	3989.59
551.2	4003.69
552.2	4017.78
553.2	4031.86
554.2	4045.95
555.2	4060.02
556.2	4074.1
557.2	4088.17
558.2	4102.24
559.2	4116.3
560.2	4130.36
561.2	4144.41
562.2	4158.46
563.2	4172.51
564.2	4186.55
565.2	4200.59
566.2	4214.62
567.2	4228.65
568.2	4242.68
569.2	4256.7
570.2	4270.71
571.2	4284.73
572.2	4298.73
573.2	4312.73
574.2	4326.73
575.2	4340.72
576.2	4354.71
577.2	4368.7
578.2	4382.67
579.2	4396.65
580.2	4410.62
581.2	4424.58
582.2	4438.54
583.2	4452.5
584.2	4466.45
585.2	4480.39
586.2	4494.33
587.2	4508.26
588.2	4522.19
589.2	4536.12
590.2	4550.04
591.2	4563.95
592.2	4577.86
593.2	4591.76
594.2	4605.66
595.2	4619.56
596.2	4633.44
597.2	4647.33
598.2	4661.21
599.2	4675.08
600.2	4688.94
601.2	4702.8
602.2	4716.66
603.2	4730.51
604.2	4744.36
605.2	4758.19
606.2	4772.03
607.2	4785.86
608.2	4799.68
609.2	4813.5
610.2	4827.31
611.2	4841.11
612.2	4854.91
613.2	4868.71
614.2	4882.49
615.2	4896.28
616.2	4910.05
617.2	4923.82
618.2	4937.59
619.2	4951.35
620.2	4965.1
621.2	4978.85
622.2	4992.59
