Inclusion data :
Temperature of total homogenization : 98.6 C
Pressure of total homogenization    : 0.912174 bar
Salinity                            : 7.58723 wt.% NaCl eq.
Density                             : 1.01129 g/ccm

Isochore data :
T [C]	P[bar]
98.6	0.912174
99.6	0.912174
100.6	0.912174
101.6	0.912174
102.6	0.912174
103.6	0.912174
104.6	0.912174
105.6	0.912174
106.6	0.912174
107.6	0.912174
108.6	0.912174
109.6	0.912174
110.6	0.912174
111.6	0.912174
112.6	0.912174
113.6	0.912174
114.6	0.912174
115.6	0.912174
116.6	0.912174
117.6	0.912174
118.6	0.912174
119.6	0.912174
120.6	0.912174
121.6	0.912174
122.6	0.912174
123.6	0.912174
124.6	0.912174
125.6	0.912174
126.6	0.912174
127.6	0.912174
128.6	0.912174
129.6	0.912174
130.6	0.912174
131.6	0.912174
132.6	0.912174
133.6	0.912174
134.6	0.912174
135.6	0.912174
136.6	0.912174
137.6	0.912174
138.6	0.912174
139.6	0.912174
140.6	0.912174
141.6	0.912174
142.6	0.912174
143.6	0.912174
144.6	0.912174
145.6	0.912174
146.6	0.912174
147.6	0.912174
148.6	0.912174
149.6	0.912174
150.6	0.912174
151.6	0.912174
152.6	0.912174
153.6	0.912174
154.6	0.912174
155.6	0.912174
156.6	0.912174
157.6	0.912174
158.6	0.912174
159.6	0.912174
160.6	0.912174
161.6	0.912174
162.6	0.912174
163.6	0.912174
164.6	0.912174
165.6	0.912174
166.6	0.912174
167.6	0.912174
168.6	0.912174
169.6	0.912174
170.6	0.912174
171.6	0.912174
172.6	0.912174
173.6	0.912174
174.6	0.912174
175.6	0.912174
176.6	0.912174
177.6	0.912174
178.6	0.912174
179.6	0.912174
180.6	0.912174
181.6	0.912174
182.6	0.912174
183.6	0.912174
184.6	0.912174
185.6	0.912174
186.6	0.912174
187.6	0.912174
188.6	0.912174
189.6	0.912174
190.6	0.912174
191.6	0.912174
192.6	0.912174
193.6	0.912174
194.6	0.912174
195.6	0.912174
196.6	0.912174
197.6	0.912174
198.6	0.912174
199.6	0.912174
200.6	0.912174
201.6	0.912174
202.6	0.912174
203.6	0.912174
204.6	0.912174
205.6	0.912174
206.6	0.912174
207.6	0.912174
208.6	0.912174
209.6	0.912174
210.6	0.912174
211.6	0.912174
212.6	0.912174
213.6	0.912174
214.6	0.912174
215.6	0.912174
216.6	0.912174
217.6	0.912174
218.6	0.912174
219.6	0.912174
220.6	0.912174
221.6	0.912174
222.6	0.912174
223.6	0.912174
224.6	0.912174
225.6	0.912174
226.6	0.912174
227.6	0.912174
228.6	0.912174
229.6	0.912174
230.6	0.912174
231.6	0.912174
232.6	0.912174
233.6	0.912174
234.6	0.912174
235.6	0.912174
236.6	0.912174
237.6	0.912174
238.6	0.912174
239.6	0.912174
240.6	0.912174
241.6	0.912174
242.6	0.912174
243.6	0.912174
244.6	0.912174
245.6	0.912174
246.6	0.912174
247.6	0.912174
248.6	0.912174
249.6	0.912174
250.6	0.912174
251.6	0.912174
252.6	0.912174
253.6	0.912174
254.6	0.912174
255.6	0.912174
256.6	0.912174
257.6	0.912174
258.6	0.912174
259.6	0.912174
260.6	0.912174
261.6	0.912174
262.6	0.912174
263.6	0.912174
264.6	0.912174
265.6	0.912174
266.6	0.912174
267.6	0.912174
268.6	0.912174
269.6	0.912174
270.6	0.912174
271.6	0.912174
272.6	0.912174
273.6	0.912174
274.6	0.912174
275.6	0.912174
276.6	0.912174
277.6	0.912174
278.6	0.912174
279.6	0.912174
280.6	0.912174
281.6	0.912174
282.6	0.912174
283.6	0.912174
284.6	0.912174
285.6	0.912174
286.6	0.912174
287.6	0.912174
288.6	0.912174
289.6	0.912174
290.6	0.912174
291.6	0.912174
292.6	0.912174
293.6	0.912174
294.6	0.912174
295.6	0.912174
296.6	0.912174
297.6	0.912174
298.6	0.912174
299.6	0.912174
300.6	0.912174
301.6	0.912174
302.6	0.912174
303.6	0.912174
304.6	0.912174
305.6	0.912174
306.6	0.912174
307.6	0.912174
308.6	0.912174
309.6	0.912174
310.6	0.912174
311.6	0.912174
312.6	0.912174
313.6	0.912174
314.6	0.912174
315.6	0.912174
316.6	0.912174
317.6	0.912174
318.6	0.912174
319.6	0.912174
320.6	0.912174
321.6	0.912174
322.6	0.912174
323.6	0.912174
324.6	0.912174
325.6	0.912174
326.6	0.912174
327.6	0.912174
328.6	0.912174
329.6	0.912174
330.6	0.912174
331.6	0.912174
332.6	0.912174
333.6	0.912174
334.6	0.912174
335.6	0.912174
336.6	0.912174
337.6	0.912174
338.6	0.912174
339.6	0.912174
340.6	0.912174
341.6	0.912174
342.6	0.912174
343.6	0.912174
344.6	0.912174
345.6	0.912174
346.6	0.912174
347.6	0.912174
348.6	0.912174
349.6	0.912174
350.6	0.912174
351.6	0.912174
352.6	0.912174
353.6	0.912174
354.6	0.912174
355.6	0.912174
356.6	0.912174
357.6	0.912174
358.6	0.912174
359.6	0.912174
360.6	0.912174
361.6	0.912174
362.6	0.912174
363.6	0.912174
364.6	0.912174
365.6	0.912174
366.6	0.912174
367.6	0.912174
368.6	0.912174
369.6	0.912174
370.6	0.912174
371.6	0.912174
372.6	0.912174
373.6	0.912174
374.6	0.912174
375.6	0.912174
376.6	0.912174
377.6	0.912174
378.6	0.912174
379.6	0.912174
380.6	0.912174
381.6	0.912174
382.6	0.912174
383.6	0.912174
384.6	0.912174
385.6	0.912174
386.6	0.912174
387.6	0.912174
388.6	0.912174
389.6	0.912174
390.6	0.912174
391.6	0.912174
392.6	0.912174
393.6	0.912174
394.6	0.912174
395.6	0.912174
396.6	0.912174
397.6	0.912174
398.6	0.912174
399.6	0.912174
400.6	0.912174
401.6	0.912174
402.6	0.912174
403.6	0.912174
404.6	0.912174
405.6	0.912174
406.6	0.912174
407.6	0.912174
408.6	0.912174
409.6	0.912174
410.6	0.912174
411.6	0.912174
412.6	0.912174
413.6	0.912174
414.6	0.912174
415.6	0.912174
416.6	0.912174
417.6	0.912174
418.6	0.912174
419.6	0.912174
420.6	0.912174
421.6	0.912174
422.6	0.912174
423.6	0.912174
424.6	0.912174
425.6	0.912174
426.6	0.912174
427.6	0.912174
428.6	0.912174
429.6	0.912174
430.6	0.912174
431.6	0.912174
432.6	0.912174
433.6	0.912174
434.6	0.912174
435.6	0.912174
436.6	0.912174
437.6	0.912174
438.6	0.912174
439.6	0.912174
440.6	0.912174
441.6	0.912174
442.6	0.912174
443.6	0.912174
444.6	0.912174
445.6	0.912174
446.6	0.912174
447.6	0.912174
448.6	0.912174
449.6	0.912174
450.6	0.912174
451.6	0.912174
452.6	0.912174
453.6	0.912174
454.6	0.912174
455.6	0.912174
456.6	0.912174
457.6	0.912174
458.6	0.912174
459.6	0.912174
460.6	0.912174
461.6	0.912174
462.6	0.912174
463.6	0.912174
464.6	0.912174
465.6	0.912174
466.6	0.912174
467.6	0.912174
468.6	0.912174
469.6	0.912174
470.6	0.912174
471.6	0.912174
472.6	0.912174
473.6	0.912174
474.6	0.912174
475.6	0.912174
476.6	0.912174
477.6	0.912174
478.6	0.912174
479.6	0.912174
480.6	0.912174
481.6	0.912174
482.6	0.912174
483.6	0.912174
484.6	0.912174
485.6	0.912174
486.6	0.912174
487.6	0.912174
488.6	0.912174
489.6	0.912174
490.6	0.912174
491.6	0.912174
492.6	0.912174
493.6	0.912174
494.6	0.912174
495.6	0.912174
496.6	0.912174
497.6	0.912174
498.6	0.912174
499.6	0.912174
500.6	0.912174
501.6	0.912174
502.6	0.912174
503.6	0.912174
504.6	0.912174
505.6	0.912174
506.6	0.912174
507.6	0.912174
508.6	0.912174
509.6	0.912174
510.6	0.912174
511.6	0.912174
512.6	0.912174
513.6	0.912174
514.6	0.912174
515.6	0.912174
516.6	0.912174
517.6	0.912174
518.6	0.912174
519.6	0.912174
520.6	0.912174
521.6	0.912174
522.6	0.912174
523.6	0.912174
524.6	0.912174
525.6	0.912174
526.6	0.912174
527.6	0.912174
528.6	0.912174
529.6	0.912174
530.6	0.912174
531.6	0.912174
532.6	0.912174
533.6	0.912174
534.6	0.912174
535.6	0.912174
536.6	0.912174
537.6	0.912174
538.6	0.912174
539.6	0.912174
540.6	0.912174
541.6	0.912174
542.6	0.912174
543.6	0.912174
544.6	0.912174
545.6	0.912174
546.6	0.912174
547.6	0.912174
548.6	0.912174
549.6	0.912174
550.6	0.912174
551.6	0.912174
552.6	0.912174
553.6	0.912174
554.6	0.912174
555.6	0.912174
556.6	0.912174
557.6	0.912174
558.6	0.912174
559.6	0.912174
560.6	0.912174
561.6	0.912174
562.6	0.912174
563.6	0.912174
564.6	0.912174
565.6	0.912174
566.6	0.912174
567.6	0.912174
568.6	0.912174
569.6	0.912174
570.6	0.912174
571.6	0.912174
572.6	0.912174
573.6	0.912174
574.6	0.912174
575.6	0.912174
576.6	0.912174
577.6	0.912174
578.6	0.912174
579.6	0.912174
580.6	0.912174
581.6	0.912174
582.6	0.912174
583.6	0.912174
584.6	0.912174
585.6	0.912174
586.6	0.912174
587.6	0.912174
588.6	0.912174
589.6	0.912174
590.6	0.912174
591.6	0.912174
592.6	0.912174
593.6	0.912174
594.6	0.912174
595.6	0.912174
596.6	0.912174
597.6	0.912174
598.6	0.912174
599.6	0.912174
600.6	0.912174
601.6	0.912174
602.6	0.912174
603.6	0.912174
604.6	0.912174
605.6	0.912174
606.6	0.912174
607.6	0.912174
608.6	0.912174
609.6	0.912174
610.6	0.912174
611.6	0.912174
612.6	0.912174
613.6	0.912174
614.6	0.912174
615.6	0.912174
616.6	0.912174
617.6	0.912174
618.6	0.912174
619.6	0.912174
620.6	0.912174
621.6	0.912174
622.6	0.912174
623.6	0.912174
624.6	0.912174
625.6	0.912174
626.6	0.912174
627.6	0.912174
628.6	0.912174
629.6	0.912174
630.6	0.912174
631.6	0.912174
632.6	0.912174
633.6	0.912174
634.6	0.912174
635.6	0.912174
636.6	0.912174
637.6	0.912174
638.6	0.912174
639.6	0.912174
640.6	0.912174
641.6	0.912174
642.6	0.912174
643.6	0.912174
644.6	0.912174
645.6	0.912174
646.6	0.912174
647.6	0.912174
648.6	0.912174
649.6	0.912174
650.6	0.912174
651.6	0.912174
652.6	0.912174
653.6	0.912174
654.6	0.912174
655.6	0.912174
656.6	0.912174
657.6	0.912174
658.6	0.912174
659.6	0.912174
660.6	0.912174
661.6	0.912174
662.6	0.912174
663.6	0.912174
664.6	0.912174
665.6	0.912174
666.6	0.912174
667.6	0.912174
668.6	0.912174
669.6	0.912174
670.6	0.912174
671.6	0.912174
672.6	0.912174
673.6	0.912174
674.6	0.912174
675.6	0.912174
676.6	0.912174
677.6	0.912174
678.6	0.912174
679.6	0.912174
680.6	0.912174
681.6	0.912174
682.6	0.912174
683.6	0.912174
684.6	0.912174
685.6	0.912174
686.6	0.912174
687.6	0.912174
688.6	0.912174
689.6	0.912174
690.6	0.912174
691.6	0.912174
692.6	0.912174
693.6	0.912174
694.6	0.912174
695.6	0.912174
696.6	0.912174
697.6	0.912174
698.6	0.912174
699.6	0.912174
700.6	0.912174
701.6	0.912174
702.6	0.912174
703.6	0.912174
704.6	0.912174
705.6	0.912174
706.6	0.912174
707.6	0.912174
708.6	0.912174
709.6	0.912174
710.6	0.912174
711.6	0.912174
712.6	0.912174
713.6	0.912174
714.6	0.912174
715.6	0.912174
716.6	0.912174
717.6	0.912174
718.6	0.912174
719.6	0.912174
720.6	0.912174
721.6	0.912174
722.6	0.912174
723.6	0.912174
724.6	0.912174
725.6	0.912174
726.6	0.912174
727.6	0.912174
728.6	0.912174
729.6	0.912174
730.6	0.912174
731.6	0.912174
732.6	0.912174
733.6	0.912174
734.6	0.912174
735.6	0.912174
736.6	0.912174
737.6	0.912174
738.6	0.912174
739.6	0.912174
740.6	0.912174
741.6	0.912174
742.6	0.912174
743.6	0.912174
744.6	0.912174
745.6	0.912174
746.6	0.912174
747.6	0.912174
748.6	0.912174
749.6	0.912174
750.6	0.912174
751.6	0.912174
752.6	0.912174
753.6	0.912174
754.6	0.912174
755.6	0.912174
756.6	0.912174
757.6	0.912174
758.6	0.912174
759.6	0.912174
760.6	0.912174
761.6	0.912174
762.6	0.912174
763.6	0.912174
764.6	0.912174
765.6	0.912174
766.6	0.912174
767.6	0.912174
768.6	0.912174
769.6	0.912174
770.6	0.912174
771.6	0.912174
772.6	0.912174
773.6	0.912174
774.6	0.912174
775.6	0.912174
776.6	0.912174
777.6	0.912174
778.6	0.912174
779.6	0.912174
780.6	0.912174
781.6	0.912174
782.6	0.912174
783.6	0.912174
784.6	0.912174
785.6	0.912174
786.6	0.912174
787.6	0.912174
788.6	0.912174
789.6	0.912174
790.6	0.912174
791.6	0.912174
792.6	0.912174
793.6	0.912174
794.6	0.912174
795.6	0.912174
796.6	0.912174
797.6	0.912174
798.6	0.912174
799.6	0.912174
800.6	0.912174
801.6	0.912174
802.6	0.912174
803.6	0.912174
804.6	0.912174
805.6	0.912174
806.6	0.912174
807.6	0.912174
808.6	0.912174
809.6	0.912174
810.6	0.912174
811.6	0.912174
812.6	0.912174
813.6	0.912174
814.6	0.912174
815.6	0.912174
816.6	0.912174
817.6	0.912174
818.6	0.912174
819.6	0.912174
820.6	0.912174
821.6	0.912174
822.6	0.912174
823.6	0.912174
824.6	0.912174
825.6	0.912174
826.6	0.912174
827.6	0.912174
828.6	0.912174
829.6	0.912174
830.6	0.912174
831.6	0.912174
832.6	0.912174
833.6	0.912174
834.6	0.912174
835.6	0.912174
836.6	0.912174
837.6	0.912174
838.6	0.912174
839.6	0.912174
840.6	0.912174
841.6	0.912174
842.6	0.912174
843.6	0.912174
844.6	0.912174
845.6	0.912174
846.6	0.912174
847.6	0.912174
848.6	0.912174
849.6	0.912174
850.6	0.912174
851.6	0.912174
852.6	0.912174
853.6	0.912174
854.6	0.912174
855.6	0.912174
856.6	0.912174
857.6	0.912174
858.6	0.912174
859.6	0.912174
860.6	0.912174
861.6	0.912174
862.6	0.912174
863.6	0.912174
864.6	0.912174
865.6	0.912174
866.6	0.912174
867.6	0.912174
868.6	0.912174
869.6	0.912174
870.6	0.912174
871.6	0.912174
872.6	0.912174
873.6	0.912174
874.6	0.912174
875.6	0.912174
876.6	0.912174
877.6	0.912174
878.6	0.912174
879.6	0.912174
880.6	0.912174
881.6	0.912174
882.6	0.912174
883.6	0.912174
884.6	0.912174
885.6	0.912174
886.6	0.912174
887.6	0.912174
888.6	0.912174
889.6	0.912174
890.6	0.912174
891.6	0.912174
892.6	0.912174
893.6	0.912174
894.6	0.912174
895.6	0.912174
896.6	0.912174
897.6	0.912174
898.6	0.912174
899.6	0.912174
