Inclusion data :
Temperature of total homogenization : 217.5 C
Pressure of total homogenization    : 20.9602 bar
Salinity                            : 8.27535 wt.% NaCl eq.
Density                             : 0.9119 g/ccm

Isochore data :
T [C]	P[bar]
217.5	20.9602
218.5	37.3983
219.5	53.3283
220.5	69.0333
221.5	84.6089
222.5	100.101
223.5	115.536
224.5	130.932
225.5	146.3
226.5	161.648
227.5	176.984
228.5	192.313
229.5	207.637
230.5	222.962
231.5	238.288
232.5	253.619
233.5	268.955
234.5	284.299
235.5	299.651
236.5	315.013
237.5	330.383
238.5	345.764
239.5	361.156
240.5	376.558
241.5	391.972
242.5	407.396
243.5	422.832
244.5	438.278
245.5	453.736
246.5	469.204
247.5	484.684
248.5	500.174
249.5	515.675
250.5	531.187
251.5	546.709
252.5	562.242
253.5	577.785
254.5	593.339
255.5	608.903
256.5	624.477
257.5	640.061
258.5	655.656
259.5	671.26
260.5	686.875
261.5	702.499
262.5	718.133
263.5	733.777
264.5	749.431
265.5	765.095
266.5	780.768
267.5	796.451
268.5	812.143
269.5	827.845
270.5	843.556
271.5	859.277
272.5	875.007
273.5	890.747
274.5	906.495
275.5	922.253
276.5	938.02
277.5	953.796
278.5	969.582
279.5	985.376
280.5	1001.18
281.5	1016.99
282.5	1032.81
283.5	1048.64
284.5	1064.48
285.5	1080.33
286.5	1096.18
287.5	1112.04
288.5	1127.92
289.5	1143.8
290.5	1159.69
291.5	1175.58
292.5	1191.49
293.5	1207.4
294.5	1223.32
295.5	1239.25
296.5	1255.19
297.5	1271.13
298.5	1287.08
299.5	1303.04
300.5	1319.01
301.5	1334.99
302.5	1350.97
303.5	1366.96
304.5	1382.96
305.5	1398.96
306.5	1414.97
307.5	1430.99
308.5	1447.01
309.5	1463.05
310.5	1479.08
311.5	1495.13
312.5	1511.18
313.5	1527.24
314.5	1543.3
315.5	1559.38
316.5	1575.45
317.5	1591.54
318.5	1607.63
319.5	1623.72
320.5	1639.82
321.5	1655.93
322.5	1672.04
323.5	1688.16
324.5	1704.29
325.5	1720.42
326.5	1736.55
327.5	1752.69
328.5	1768.84
329.5	1784.99
330.5	1801.15
331.5	1817.31
332.5	1833.48
333.5	1849.65
334.5	1865.82
335.5	1882.01
336.5	1898.19
337.5	1914.38
338.5	1930.57
339.5	1946.77
340.5	1962.98
341.5	1979.18
342.5	1995.39
343.5	2011.61
344.5	2027.83
345.5	2044.05
346.5	2060.28
347.5	2076.51
348.5	2092.74
349.5	2108.98
350.5	2125.22
351.5	2141.46
352.5	2157.71
353.5	2173.96
354.5	2190.21
355.5	2206.47
356.5	2222.73
357.5	2238.99
358.5	2255.25
359.5	2271.52
360.5	2287.79
361.5	2304.06
362.5	2320.34
363.5	2336.61
364.5	2352.89
365.5	2369.17
366.5	2385.46
367.5	2401.74
368.5	2418.03
369.5	2434.32
370.5	2450.61
371.5	2466.9
372.5	2483.19
373.5	2499.49
374.5	2515.78
375.5	2532.08
376.5	2548.38
377.5	2564.68
378.5	2580.98
379.5	2597.28
380.5	2613.58
381.5	2629.88
382.5	2646.18
383.5	2662.49
384.5	2678.79
385.5	2695.1
386.5	2711.4
387.5	2727.71
388.5	2744.01
389.5	2760.32
390.5	2776.62
391.5	2792.93
392.5	2809.23
393.5	2825.54
394.5	2841.84
395.5	2858.15
396.5	2874.45
397.5	2890.75
398.5	2907.06
399.5	2923.36
400.5	2939.66
401.5	2955.96
402.5	2972.26
403.5	2988.56
404.5	3004.85
405.5	3021.15
406.5	3037.44
407.5	3053.74
408.5	3070.03
409.5	3086.32
410.5	3102.61
411.5	3118.89
412.5	3135.18
413.5	3151.46
414.5	3167.74
415.5	3184.02
416.5	3200.3
417.5	3216.58
418.5	3232.85
419.5	3249.12
420.5	3265.39
421.5	3281.66
422.5	3297.92
423.5	3314.18
424.5	3330.44
425.5	3346.7
426.5	3362.95
427.5	3379.2
428.5	3395.45
429.5	3411.69
430.5	3427.94
431.5	3444.18
432.5	3460.41
433.5	3476.64
434.5	3492.87
435.5	3509.1
436.5	3525.32
437.5	3541.54
438.5	3557.76
439.5	3573.97
440.5	3590.18
441.5	3606.38
442.5	3622.58
443.5	3638.78
444.5	3654.97
445.5	3671.16
446.5	3687.35
447.5	3703.53
448.5	3719.7
449.5	3735.88
450.5	3752.04
451.5	3768.21
452.5	3784.37
453.5	3800.52
454.5	3816.67
455.5	3832.82
456.5	3848.96
457.5	3865.1
458.5	3881.23
459.5	3897.36
460.5	3913.48
461.5	3929.6
462.5	3945.71
463.5	3961.82
464.5	3977.92
465.5	3994.02
466.5	4010.11
467.5	4026.2
468.5	4042.28
469.5	4058.36
470.5	4074.43
471.5	4090.49
472.5	4106.55
473.5	4122.61
474.5	4138.66
475.5	4154.7
476.5	4170.74
477.5	4186.77
478.5	4202.8
479.5	4218.82
480.5	4234.83
481.5	4250.84
482.5	4266.84
483.5	4282.84
484.5	4298.83
485.5	4314.82
486.5	4330.8
487.5	4346.77
488.5	4362.73
489.5	4378.69
490.5	4394.65
491.5	4410.6
492.5	4426.54
493.5	4442.47
494.5	4458.4
495.5	4474.32
496.5	4490.24
497.5	4506.14
498.5	4522.05
499.5	4537.94
500.5	4553.83
501.5	4569.71
502.5	4585.58
503.5	4601.45
504.5	4617.31
505.5	4633.17
506.5	4649.01
507.5	4664.85
508.5	4680.69
509.5	4696.51
510.5	4712.33
511.5	4728.14
512.5	4743.95
513.5	4759.75
514.5	4775.54
515.5	4791.32
516.5	4807.1
517.5	4822.86
518.5	4838.63
519.5	4854.38
520.5	4870.13
521.5	4885.86
522.5	4901.6
523.5	4917.32
524.5	4933.04
525.5	4948.74
526.5	4964.44
527.5	4980.14
528.5	4995.82
