Inclusion data :
Temperature of total homogenization : 246.4 C
Pressure of total homogenization    : 35.2556 bar
Salinity                            : 9.72758 wt.% NaCl eq.
Density                             : 0.891026 g/ccm

Isochore data :
T [C]	P[bar]
246.4	35.2556
247.4	50.2902
248.4	65.0662
249.4	79.6932
250.4	94.2232
251.4	108.686
252.4	123.1
253.4	137.478
254.4	151.83
255.4	166.161
256.4	180.479
257.4	194.785
258.4	209.085
259.4	223.38
260.4	237.673
261.4	251.964
262.4	266.257
263.4	280.551
264.4	294.849
265.4	309.15
266.4	323.455
267.4	337.766
268.4	352.082
269.4	366.403
270.4	380.731
271.4	395.065
272.4	409.406
273.4	423.753
274.4	438.107
275.4	452.469
276.4	466.838
277.4	481.214
278.4	495.598
279.4	509.989
280.4	524.388
281.4	538.794
282.4	553.208
283.4	567.63
284.4	582.06
285.4	596.498
286.4	610.944
287.4	625.397
288.4	639.859
289.4	654.328
290.4	668.806
291.4	683.291
292.4	697.785
293.4	712.287
294.4	726.797
295.4	741.314
296.4	755.84
297.4	770.374
298.4	784.916
299.4	799.466
300.4	814.024
301.4	828.59
302.4	843.164
303.4	857.746
304.4	872.336
305.4	886.934
306.4	901.54
307.4	916.154
308.4	930.775
309.4	945.405
310.4	960.042
311.4	974.687
312.4	989.34
313.4	1004
314.4	1018.67
315.4	1033.34
316.4	1048.03
317.4	1062.72
318.4	1077.42
319.4	1092.12
320.4	1106.84
321.4	1121.56
322.4	1136.29
323.4	1151.02
324.4	1165.76
325.4	1180.51
326.4	1195.27
327.4	1210.03
328.4	1224.81
329.4	1239.58
330.4	1254.37
331.4	1269.16
332.4	1283.96
333.4	1298.77
334.4	1313.58
335.4	1328.4
336.4	1343.22
337.4	1358.06
338.4	1372.9
339.4	1387.74
340.4	1402.59
341.4	1417.45
342.4	1432.32
343.4	1447.19
344.4	1462.07
345.4	1476.95
346.4	1491.84
347.4	1506.74
348.4	1521.64
349.4	1536.55
350.4	1551.46
351.4	1566.38
352.4	1581.3
353.4	1596.23
354.4	1611.17
355.4	1626.11
356.4	1641.06
357.4	1656.01
358.4	1670.97
359.4	1685.93
360.4	1700.9
361.4	1715.88
362.4	1730.86
363.4	1745.84
364.4	1760.83
365.4	1775.82
366.4	1790.82
367.4	1805.83
368.4	1820.84
369.4	1835.85
370.4	1850.87
371.4	1865.89
372.4	1880.92
373.4	1895.95
374.4	1910.98
375.4	1926.02
376.4	1941.07
377.4	1956.11
378.4	1971.17
379.4	1986.22
380.4	2001.28
381.4	2016.35
382.4	2031.42
383.4	2046.49
384.4	2061.56
385.4	2076.64
386.4	2091.72
387.4	2106.81
388.4	2121.9
389.4	2136.99
390.4	2152.09
391.4	2167.19
392.4	2182.29
393.4	2197.39
394.4	2212.5
395.4	2227.61
396.4	2242.72
397.4	2257.84
398.4	2272.96
399.4	2288.08
400.4	2303.21
401.4	2318.33
402.4	2333.46
403.4	2348.59
404.4	2363.73
405.4	2378.86
406.4	2394
407.4	2409.14
408.4	2424.28
409.4	2439.43
410.4	2454.57
411.4	2469.72
412.4	2484.87
413.4	2500.02
414.4	2515.18
415.4	2530.33
416.4	2545.49
417.4	2560.64
418.4	2575.8
419.4	2590.96
420.4	2606.12
421.4	2621.28
422.4	2636.45
423.4	2651.61
424.4	2666.77
425.4	2681.94
426.4	2697.11
427.4	2712.27
428.4	2727.44
429.4	2742.61
430.4	2757.78
431.4	2772.95
432.4	2788.11
433.4	2803.28
434.4	2818.45
435.4	2833.62
436.4	2848.79
437.4	2863.96
438.4	2879.13
439.4	2894.3
440.4	2909.47
441.4	2924.64
442.4	2939.81
443.4	2954.98
444.4	2970.15
445.4	2985.31
446.4	3000.48
447.4	3015.65
448.4	3030.81
449.4	3045.98
450.4	3061.14
451.4	3076.3
452.4	3091.47
453.4	3106.63
454.4	3121.79
455.4	3136.95
456.4	3152.1
457.4	3167.26
458.4	3182.41
459.4	3197.57
460.4	3212.72
461.4	3227.87
462.4	3243.02
463.4	3258.17
464.4	3273.31
465.4	3288.45
466.4	3303.6
467.4	3318.74
468.4	3333.87
469.4	3349.01
470.4	3364.14
471.4	3379.28
472.4	3394.4
473.4	3409.53
474.4	3424.66
475.4	3439.78
476.4	3454.9
477.4	3470.02
478.4	3485.13
479.4	3500.24
480.4	3515.35
481.4	3530.46
482.4	3545.56
483.4	3560.67
484.4	3575.76
485.4	3590.86
486.4	3605.95
487.4	3621.04
488.4	3636.13
489.4	3651.21
490.4	3666.29
491.4	3681.37
492.4	3696.44
493.4	3711.51
494.4	3726.58
495.4	3741.64
496.4	3756.7
497.4	3771.76
498.4	3786.81
499.4	3801.86
500.4	3816.9
501.4	3831.95
502.4	3846.98
503.4	3862.02
504.4	3877.05
505.4	3892.07
506.4	3907.09
507.4	3922.11
508.4	3937.13
509.4	3952.14
510.4	3967.14
511.4	3982.14
512.4	3997.14
513.4	4012.13
514.4	4027.12
515.4	4042.1
516.4	4057.08
517.4	4072.06
518.4	4087.03
519.4	4101.99
520.4	4116.95
521.4	4131.91
522.4	4146.86
523.4	4161.81
524.4	4176.75
525.4	4191.68
526.4	4206.62
527.4	4221.54
528.4	4236.47
529.4	4251.38
530.4	4266.29
531.4	4281.2
532.4	4296.1
533.4	4311
534.4	4325.89
535.4	4340.78
536.4	4355.66
537.4	4370.53
538.4	4385.4
539.4	4400.27
540.4	4415.13
541.4	4429.98
542.4	4444.83
543.4	4459.67
544.4	4474.51
545.4	4489.34
546.4	4504.16
547.4	4518.98
548.4	4533.8
549.4	4548.61
550.4	4563.41
551.4	4578.2
552.4	4592.99
553.4	4607.78
554.4	4622.56
555.4	4637.33
556.4	4652.1
557.4	4666.86
558.4	4681.61
559.4	4696.36
560.4	4711.11
561.4	4725.84
562.4	4740.57
563.4	4755.3
564.4	4770.01
565.4	4784.73
566.4	4799.43
567.4	4814.13
568.4	4828.82
569.4	4843.51
570.4	4858.19
571.4	4872.86
572.4	4887.53
573.4	4902.19
574.4	4916.84
575.4	4931.49
576.4	4946.13
577.4	4960.76
578.4	4975.39
579.4	4990.01
