Inclusion data :
Temperature of total homogenization : 265.3 C
Pressure of total homogenization    : 48.2912 bar
Salinity                            : 9.72758 wt.% NaCl eq.
Density                             : 0.867642 g/ccm

Isochore data :
T [C]	P[bar]
265.3	48.2912
266.3	62.1707
267.3	75.9173
268.3	89.5768
269.3	103.175
270.3	116.73
271.3	130.251
272.3	143.748
273.3	157.226
274.3	170.69
275.3	184.144
276.3	197.591
277.3	211.032
278.3	224.47
279.3	237.907
280.3	251.344
281.3	264.781
282.3	278.22
283.3	291.662
284.3	305.108
285.3	318.557
286.3	332.011
287.3	345.469
288.3	358.932
289.3	372.401
290.3	385.876
291.3	399.356
292.3	412.843
293.3	426.336
294.3	439.835
295.3	453.341
296.3	466.854
297.3	480.373
298.3	493.9
299.3	507.433
300.3	520.973
301.3	534.52
302.3	548.075
303.3	561.636
304.3	575.205
305.3	588.781
306.3	602.364
307.3	615.954
308.3	629.552
309.3	643.157
310.3	656.77
311.3	670.389
312.3	684.016
313.3	697.65
314.3	711.292
315.3	724.941
316.3	738.597
317.3	752.261
318.3	765.931
319.3	779.609
320.3	793.295
321.3	806.987
322.3	820.687
323.3	834.394
324.3	848.108
325.3	861.829
326.3	875.557
327.3	889.292
328.3	903.035
329.3	916.784
330.3	930.54
331.3	944.304
332.3	958.074
333.3	971.851
334.3	985.635
335.3	999.426
336.3	1013.22
337.3	1027.03
338.3	1040.84
339.3	1054.66
340.3	1068.48
341.3	1082.31
342.3	1096.15
343.3	1109.99
344.3	1123.84
345.3	1137.7
346.3	1151.56
347.3	1165.43
348.3	1179.31
349.3	1193.19
350.3	1207.08
351.3	1220.97
352.3	1234.87
353.3	1248.78
354.3	1262.69
355.3	1276.61
356.3	1290.53
357.3	1304.46
358.3	1318.4
359.3	1332.34
360.3	1346.29
361.3	1360.24
362.3	1374.2
363.3	1388.16
364.3	1402.13
365.3	1416.11
366.3	1430.09
367.3	1444.07
368.3	1458.06
369.3	1472.06
370.3	1486.06
371.3	1500.07
372.3	1514.08
373.3	1528.1
374.3	1542.12
375.3	1556.14
376.3	1570.17
377.3	1584.21
378.3	1598.25
379.3	1612.3
380.3	1626.35
381.3	1640.4
382.3	1654.46
383.3	1668.52
384.3	1682.59
385.3	1696.66
386.3	1710.74
387.3	1724.82
388.3	1738.91
389.3	1753
390.3	1767.09
391.3	1781.19
392.3	1795.29
393.3	1809.39
394.3	1823.5
395.3	1837.61
396.3	1851.73
397.3	1865.85
398.3	1879.97
399.3	1894.1
400.3	1908.23
401.3	1922.37
402.3	1936.5
403.3	1950.64
404.3	1964.79
405.3	1978.93
406.3	1993.08
407.3	2007.24
408.3	2021.39
409.3	2035.55
410.3	2049.72
411.3	2063.88
412.3	2078.05
413.3	2092.22
414.3	2106.39
415.3	2120.57
416.3	2134.75
417.3	2148.93
418.3	2163.11
419.3	2177.3
420.3	2191.49
421.3	2205.68
422.3	2219.87
423.3	2234.06
424.3	2248.26
425.3	2262.46
426.3	2276.66
427.3	2290.86
428.3	2305.06
429.3	2319.27
430.3	2333.48
431.3	2347.69
432.3	2361.9
433.3	2376.11
434.3	2390.32
435.3	2404.54
436.3	2418.75
437.3	2432.97
438.3	2447.19
439.3	2461.41
440.3	2475.63
441.3	2489.85
442.3	2504.08
443.3	2518.3
444.3	2532.52
445.3	2546.75
446.3	2560.98
447.3	2575.2
448.3	2589.43
449.3	2603.66
450.3	2617.89
451.3	2632.12
452.3	2646.35
453.3	2660.58
454.3	2674.81
455.3	2689.04
456.3	2703.27
457.3	2717.5
458.3	2731.73
459.3	2745.96
460.3	2760.19
461.3	2774.42
462.3	2788.65
463.3	2802.88
464.3	2817.11
465.3	2831.34
466.3	2845.57
467.3	2859.8
468.3	2874.03
469.3	2888.26
470.3	2902.48
471.3	2916.71
472.3	2930.94
473.3	2945.16
474.3	2959.39
475.3	2973.61
476.3	2987.83
477.3	3002.05
478.3	3016.27
479.3	3030.49
480.3	3044.71
481.3	3058.92
482.3	3073.14
483.3	3087.35
484.3	3101.57
485.3	3115.78
486.3	3129.99
487.3	3144.2
488.3	3158.4
489.3	3172.61
490.3	3186.81
491.3	3201.01
492.3	3215.21
493.3	3229.41
494.3	3243.6
495.3	3257.8
496.3	3271.99
497.3	3286.18
498.3	3300.37
499.3	3314.55
500.3	3328.74
501.3	3342.92
502.3	3357.1
503.3	3371.27
504.3	3385.45
505.3	3399.62
506.3	3413.79
507.3	3427.96
508.3	3442.12
509.3	3456.28
510.3	3470.44
511.3	3484.6
512.3	3498.75
513.3	3512.9
514.3	3527.05
515.3	3541.19
516.3	3555.33
517.3	3569.47
518.3	3583.61
519.3	3597.74
520.3	3611.87
521.3	3626
522.3	3640.12
523.3	3654.24
524.3	3668.36
525.3	3682.47
526.3	3696.58
527.3	3710.69
528.3	3724.79
529.3	3738.89
530.3	3752.99
531.3	3767.08
532.3	3781.17
533.3	3795.25
534.3	3809.33
535.3	3823.41
536.3	3837.49
537.3	3851.56
538.3	3865.62
539.3	3879.68
540.3	3893.74
541.3	3907.8
542.3	3921.85
543.3	3935.89
544.3	3949.94
545.3	3963.97
546.3	3978.01
547.3	3992.04
548.3	4006.06
549.3	4020.08
550.3	4034.1
551.3	4048.11
552.3	4062.12
553.3	4076.12
554.3	4090.12
555.3	4104.12
556.3	4118.11
557.3	4132.09
558.3	4146.07
559.3	4160.05
560.3	4174.02
561.3	4187.99
562.3	4201.95
563.3	4215.91
564.3	4229.86
565.3	4243.81
566.3	4257.75
567.3	4271.69
568.3	4285.62
569.3	4299.55
570.3	4313.47
571.3	4327.39
572.3	4341.3
573.3	4355.21
574.3	4369.11
575.3	4383.01
576.3	4396.9
577.3	4410.79
578.3	4424.67
579.3	4438.55
580.3	4452.42
581.3	4466.29
582.3	4480.15
583.3	4494
584.3	4507.85
585.3	4521.7
586.3	4535.54
587.3	4549.37
588.3	4563.2
589.3	4577.02
590.3	4590.84
591.3	4604.65
592.3	4618.45
593.3	4632.25
594.3	4646.05
595.3	4659.84
596.3	4673.62
597.3	4687.4
598.3	4701.17
599.3	4714.93
600.3	4728.69
601.3	4742.45
602.3	4756.2
603.3	4769.94
604.3	4783.68
605.3	4797.41
606.3	4811.13
607.3	4824.85
608.3	4838.56
609.3	4852.27
610.3	4865.97
611.3	4879.67
612.3	4893.36
613.3	4907.04
614.3	4920.72
615.3	4934.39
616.3	4948.05
617.3	4961.71
618.3	4975.36
619.3	4989.01
