Inclusion data :
Temperature of total homogenization : 297.9 C
Pressure of total homogenization    : 78.535 bar
Salinity                            : 10.6092 wt.% NaCl eq.
Density                             : 0.831695 g/ccm

Isochore data :
T [C]	P[bar]
297.9	78.535
298.9	90.5743
299.9	102.571
300.9	114.537
301.9	126.479
302.9	138.403
303.9	150.313
304.9	162.214
305.9	174.107
306.9	185.995
307.9	197.879
308.9	209.762
309.9	221.644
310.9	233.527
311.9	245.411
312.9	257.296
313.9	269.185
314.9	281.077
315.9	292.973
316.9	304.872
317.9	316.777
318.9	328.686
319.9	340.6
320.9	352.52
321.9	364.446
322.9	376.377
323.9	388.314
324.9	400.257
325.9	412.206
326.9	424.162
327.9	436.123
328.9	448.092
329.9	460.067
330.9	472.048
331.9	484.036
332.9	496.031
333.9	508.033
334.9	520.041
335.9	532.057
336.9	544.079
337.9	556.107
338.9	568.143
339.9	580.186
340.9	592.235
341.9	604.291
342.9	616.354
343.9	628.424
344.9	640.501
345.9	652.585
346.9	664.675
347.9	676.772
348.9	688.876
349.9	700.987
350.9	713.105
351.9	725.229
352.9	737.36
353.9	749.498
354.9	761.642
355.9	773.793
356.9	785.951
357.9	798.115
358.9	810.286
359.9	822.463
360.9	834.647
361.9	846.837
362.9	859.034
363.9	871.237
364.9	883.446
365.9	895.662
366.9	907.884
367.9	920.112
368.9	932.347
369.9	944.587
370.9	956.834
371.9	969.087
372.9	981.346
373.9	993.612
374.9	1005.88
375.9	1018.16
376.9	1030.44
377.9	1042.73
378.9	1055.03
379.9	1067.33
380.9	1079.63
381.9	1091.95
382.9	1104.26
383.9	1116.59
384.9	1128.92
385.9	1141.25
386.9	1153.59
387.9	1165.94
388.9	1178.29
389.9	1190.64
390.9	1203.01
391.9	1215.37
392.9	1227.75
393.9	1240.12
394.9	1252.51
395.9	1264.89
396.9	1277.29
397.9	1289.69
398.9	1302.09
399.9	1314.5
400.9	1326.91
401.9	1339.33
402.9	1351.75
403.9	1364.18
404.9	1376.61
405.9	1389.05
406.9	1401.49
407.9	1413.94
408.9	1426.39
409.9	1438.84
410.9	1451.3
411.9	1463.77
412.9	1476.24
413.9	1488.71
414.9	1501.19
415.9	1513.67
416.9	1526.16
417.9	1538.65
418.9	1551.14
419.9	1563.64
420.9	1576.15
421.9	1588.65
422.9	1601.16
423.9	1613.68
424.9	1626.2
425.9	1638.72
426.9	1651.25
427.9	1663.78
428.9	1676.31
429.9	1688.85
430.9	1701.39
431.9	1713.93
432.9	1726.48
433.9	1739.03
434.9	1751.59
435.9	1764.15
436.9	1776.71
437.9	1789.27
438.9	1801.84
439.9	1814.42
440.9	1826.99
441.9	1839.57
442.9	1852.15
443.9	1864.73
444.9	1877.32
445.9	1889.91
446.9	1902.5
447.9	1915.1
448.9	1927.7
449.9	1940.3
450.9	1952.9
451.9	1965.51
452.9	1978.12
453.9	1990.73
454.9	2003.34
455.9	2015.96
456.9	2028.58
457.9	2041.2
458.9	2053.83
459.9	2066.45
460.9	2079.08
461.9	2091.71
462.9	2104.34
463.9	2116.98
464.9	2129.62
465.9	2142.26
466.9	2154.9
467.9	2167.54
468.9	2180.18
469.9	2192.83
470.9	2205.48
471.9	2218.13
472.9	2230.78
473.9	2243.43
474.9	2256.09
475.9	2268.75
476.9	2281.4
477.9	2294.06
478.9	2306.73
479.9	2319.39
480.9	2332.05
481.9	2344.72
482.9	2357.38
483.9	2370.05
484.9	2382.72
485.9	2395.39
486.9	2408.06
487.9	2420.73
488.9	2433.4
489.9	2446.08
490.9	2458.75
491.9	2471.43
492.9	2484.1
493.9	2496.78
494.9	2509.46
495.9	2522.14
496.9	2534.82
497.9	2547.5
498.9	2560.18
499.9	2572.86
500.9	2585.54
501.9	2598.22
502.9	2610.9
503.9	2623.58
504.9	2636.26
505.9	2648.95
506.9	2661.63
507.9	2674.31
508.9	2687
509.9	2699.68
510.9	2712.36
511.9	2725.04
512.9	2737.73
513.9	2750.41
514.9	2763.09
515.9	2775.77
516.9	2788.46
517.9	2801.14
518.9	2813.82
519.9	2826.5
520.9	2839.18
521.9	2851.86
522.9	2864.54
523.9	2877.22
524.9	2889.9
525.9	2902.58
526.9	2915.25
527.9	2927.93
528.9	2940.61
529.9	2953.28
530.9	2965.95
531.9	2978.63
532.9	2991.3
533.9	3003.97
534.9	3016.64
535.9	3029.31
536.9	3041.98
537.9	3054.65
538.9	3067.31
539.9	3079.98
540.9	3092.64
541.9	3105.3
542.9	3117.96
543.9	3130.62
544.9	3143.28
545.9	3155.94
546.9	3168.59
547.9	3181.25
548.9	3193.9
549.9	3206.55
550.9	3219.2
551.9	3231.85
552.9	3244.49
553.9	3257.14
554.9	3269.78
555.9	3282.42
556.9	3295.06
557.9	3307.69
558.9	3320.33
559.9	3332.96
560.9	3345.59
561.9	3358.22
562.9	3370.85
563.9	3383.47
564.9	3396.1
565.9	3408.72
566.9	3421.33
567.9	3433.95
568.9	3446.56
569.9	3459.18
570.9	3471.78
571.9	3484.39
572.9	3497
573.9	3509.6
574.9	3522.2
575.9	3534.79
576.9	3547.39
577.9	3559.98
578.9	3572.57
579.9	3585.16
580.9	3597.74
581.9	3610.32
582.9	3622.9
583.9	3635.48
584.9	3648.05
585.9	3660.62
586.9	3673.19
587.9	3685.75
588.9	3698.31
589.9	3710.87
590.9	3723.43
591.9	3735.98
592.9	3748.53
593.9	3761.08
594.9	3773.62
595.9	3786.16
596.9	3798.7
597.9	3811.23
598.9	3823.76
599.9	3836.29
600.9	3848.81
601.9	3861.34
602.9	3873.85
603.9	3886.37
604.9	3898.88
605.9	3911.39
606.9	3923.89
607.9	3936.39
608.9	3948.89
609.9	3961.38
610.9	3973.87
611.9	3986.36
612.9	3998.84
613.9	4011.32
614.9	4023.8
615.9	4036.27
616.9	4048.74
617.9	4061.2
618.9	4073.66
619.9	4086.12
620.9	4098.57
621.9	4111.02
622.9	4123.47
623.9	4135.91
624.9	4148.35
625.9	4160.78
626.9	4173.21
627.9	4185.64
628.9	4198.06
629.9	4210.48
630.9	4222.89
631.9	4235.3
632.9	4247.71
633.9	4260.11
634.9	4272.51
635.9	4284.9
636.9	4297.29
637.9	4309.68
638.9	4322.06
639.9	4334.44
640.9	4346.81
641.9	4359.18
642.9	4371.54
643.9	4383.9
644.9	4396.26
645.9	4408.61
646.9	4420.95
647.9	4433.3
648.9	4445.63
649.9	4457.97
650.9	4470.3
651.9	4482.62
652.9	4494.94
653.9	4507.26
654.9	4519.57
655.9	4531.87
656.9	4544.17
657.9	4556.47
658.9	4568.76
659.9	4581.05
660.9	4593.34
661.9	4605.61
662.9	4617.89
663.9	4630.16
664.9	4642.42
665.9	4654.68
666.9	4666.94
667.9	4679.19
668.9	4691.43
669.9	4703.67
670.9	4715.91
671.9	4728.14
672.9	4740.37
673.9	4752.59
674.9	4764.8
675.9	4777.02
676.9	4789.22
677.9	4801.42
678.9	4813.62
679.9	4825.81
680.9	4838
681.9	4850.18
682.9	4862.36
683.9	4874.53
684.9	4886.7
685.9	4898.86
686.9	4911.02
687.9	4923.17
688.9	4935.32
689.9	4947.46
690.9	4959.59
691.9	4971.73
692.9	4983.85
693.9	4995.97
