Inclusion data :
Temperature of total homogenization : 294.2 C
Pressure of total homogenization    : 74.4849 bar
Salinity                            : 10.6092 wt.% NaCl eq.
Density                             : 0.83696 g/ccm

Isochore data :
T [C]	P[bar]
294.2	74.4849
295.2	86.7471
296.2	98.9594
297.2	111.135
298.2	123.283
299.2	135.41
300.2	147.521
301.2	159.62
302.2	171.71
303.2	183.794
304.2	195.873
305.2	207.949
306.2	220.025
307.2	232.099
308.2	244.175
309.2	256.252
310.2	268.332
311.2	280.415
312.2	292.501
313.2	304.59
314.2	316.685
315.2	328.784
316.2	340.887
317.2	352.996
318.2	365.111
319.2	377.231
320.2	389.356
321.2	401.488
322.2	413.626
323.2	425.77
324.2	437.921
325.2	450.077
326.2	462.241
327.2	474.41
328.2	486.587
329.2	498.77
330.2	510.96
331.2	523.156
332.2	535.36
333.2	547.57
334.2	559.787
335.2	572.011
336.2	584.242
337.2	596.479
338.2	608.724
339.2	620.975
340.2	633.233
341.2	645.498
342.2	657.77
343.2	670.049
344.2	682.335
345.2	694.627
346.2	706.927
347.2	719.233
348.2	731.546
349.2	743.865
350.2	756.192
351.2	768.525
352.2	780.865
353.2	793.211
354.2	805.565
355.2	817.924
356.2	830.291
357.2	842.664
358.2	855.043
359.2	867.429
360.2	879.822
361.2	892.221
362.2	904.626
363.2	917.038
364.2	929.456
365.2	941.88
366.2	954.311
367.2	966.748
368.2	979.191
369.2	991.64
370.2	1004.1
371.2	1016.56
372.2	1029.02
373.2	1041.5
374.2	1053.98
375.2	1066.46
376.2	1078.95
377.2	1091.45
378.2	1103.95
379.2	1116.46
380.2	1128.98
381.2	1141.5
382.2	1154.02
383.2	1166.56
384.2	1179.09
385.2	1191.64
386.2	1204.18
387.2	1216.74
388.2	1229.3
389.2	1241.86
390.2	1254.43
391.2	1267.01
392.2	1279.59
393.2	1292.17
394.2	1304.76
395.2	1317.36
396.2	1329.96
397.2	1342.56
398.2	1355.18
399.2	1367.79
400.2	1380.41
401.2	1393.04
402.2	1405.67
403.2	1418.3
404.2	1430.94
405.2	1443.59
406.2	1456.24
407.2	1468.89
408.2	1481.55
409.2	1494.21
410.2	1506.88
411.2	1519.55
412.2	1532.23
413.2	1544.91
414.2	1557.59
415.2	1570.28
416.2	1582.97
417.2	1595.67
418.2	1608.37
419.2	1621.08
420.2	1633.79
421.2	1646.5
422.2	1659.22
423.2	1671.94
424.2	1684.66
425.2	1697.39
426.2	1710.13
427.2	1722.86
428.2	1735.6
429.2	1748.35
430.2	1761.09
431.2	1773.84
432.2	1786.6
433.2	1799.35
434.2	1812.11
435.2	1824.88
436.2	1837.65
437.2	1850.42
438.2	1863.19
439.2	1875.97
440.2	1888.75
441.2	1901.53
442.2	1914.32
443.2	1927.1
444.2	1939.9
445.2	1952.69
446.2	1965.49
447.2	1978.29
448.2	1991.09
449.2	2003.9
450.2	2016.7
451.2	2029.51
452.2	2042.33
453.2	2055.14
454.2	2067.96
455.2	2080.78
456.2	2093.6
457.2	2106.43
458.2	2119.26
459.2	2132.09
460.2	2144.92
461.2	2157.75
462.2	2170.59
463.2	2183.42
464.2	2196.26
465.2	2209.1
466.2	2221.95
467.2	2234.79
468.2	2247.64
469.2	2260.49
470.2	2273.34
471.2	2286.19
472.2	2299.04
473.2	2311.9
474.2	2324.75
475.2	2337.61
476.2	2350.47
477.2	2363.33
478.2	2376.19
479.2	2389.06
480.2	2401.92
481.2	2414.78
482.2	2427.65
483.2	2440.52
484.2	2453.39
485.2	2466.26
486.2	2479.13
487.2	2492
488.2	2504.87
489.2	2517.74
490.2	2530.62
491.2	2543.49
492.2	2556.36
493.2	2569.24
494.2	2582.12
495.2	2594.99
496.2	2607.87
497.2	2620.75
498.2	2633.62
499.2	2646.5
500.2	2659.38
501.2	2672.26
502.2	2685.14
503.2	2698.01
504.2	2710.89
505.2	2723.77
506.2	2736.65
507.2	2749.53
508.2	2762.41
509.2	2775.29
510.2	2788.16
511.2	2801.04
512.2	2813.92
513.2	2826.8
514.2	2839.67
515.2	2852.55
516.2	2865.43
517.2	2878.3
518.2	2891.18
519.2	2904.05
520.2	2916.93
521.2	2929.8
522.2	2942.67
523.2	2955.54
524.2	2968.42
525.2	2981.29
526.2	2994.16
527.2	3007.02
528.2	3019.89
529.2	3032.76
530.2	3045.62
531.2	3058.49
532.2	3071.35
533.2	3084.21
534.2	3097.07
535.2	3109.93
536.2	3122.79
537.2	3135.65
538.2	3148.51
539.2	3161.36
540.2	3174.21
541.2	3187.06
542.2	3199.91
543.2	3212.76
544.2	3225.61
545.2	3238.45
546.2	3251.3
547.2	3264.14
548.2	3276.98
549.2	3289.82
550.2	3302.65
551.2	3315.49
552.2	3328.32
553.2	3341.15
554.2	3353.98
555.2	3366.81
556.2	3379.63
557.2	3392.45
558.2	3405.27
559.2	3418.09
560.2	3430.91
561.2	3443.72
562.2	3456.53
563.2	3469.34
564.2	3482.15
565.2	3494.95
566.2	3507.75
567.2	3520.55
568.2	3533.35
569.2	3546.14
570.2	3558.94
571.2	3571.73
572.2	3584.51
573.2	3597.3
574.2	3610.08
575.2	3622.86
576.2	3635.63
577.2	3648.4
578.2	3661.17
579.2	3673.94
580.2	3686.71
581.2	3699.47
582.2	3712.23
583.2	3724.98
584.2	3737.73
585.2	3750.48
586.2	3763.23
587.2	3775.97
588.2	3788.71
589.2	3801.45
590.2	3814.18
591.2	3826.91
592.2	3839.64
593.2	3852.37
594.2	3865.09
595.2	3877.8
596.2	3890.52
597.2	3903.23
598.2	3915.93
599.2	3928.64
600.2	3941.34
601.2	3954.03
602.2	3966.73
603.2	3979.42
604.2	3992.1
605.2	4004.78
606.2	4017.46
607.2	4030.14
608.2	4042.81
609.2	4055.48
610.2	4068.14
611.2	4080.8
612.2	4093.45
613.2	4106.11
614.2	4118.75
615.2	4131.4
616.2	4144.04
617.2	4156.68
618.2	4169.31
619.2	4181.94
620.2	4194.56
621.2	4207.18
622.2	4219.8
623.2	4232.41
624.2	4245.02
625.2	4257.62
626.2	4270.22
627.2	4282.81
628.2	4295.41
629.2	4307.99
630.2	4320.57
631.2	4333.15
632.2	4345.73
633.2	4358.3
634.2	4370.86
635.2	4383.42
636.2	4395.98
637.2	4408.53
638.2	4421.08
639.2	4433.62
640.2	4446.16
641.2	4458.69
642.2	4471.22
643.2	4483.75
644.2	4496.27
645.2	4508.78
646.2	4521.3
647.2	4533.8
648.2	4546.3
649.2	4558.8
650.2	4571.29
651.2	4583.78
652.2	4596.26
653.2	4608.74
654.2	4621.22
655.2	4633.68
656.2	4646.15
657.2	4658.61
658.2	4671.06
659.2	4683.51
660.2	4695.96
661.2	4708.4
662.2	4720.83
663.2	4733.26
664.2	4745.69
665.2	4758.11
666.2	4770.52
667.2	4782.93
668.2	4795.34
669.2	4807.74
670.2	4820.13
671.2	4832.52
672.2	4844.9
673.2	4857.28
674.2	4869.66
675.2	4882.03
676.2	4894.39
677.2	4906.75
678.2	4919.11
679.2	4931.45
680.2	4943.8
681.2	4956.14
682.2	4968.47
683.2	4980.8
684.2	4993.12
